authors,created,days_abandoned,days_alive,description,id,is_prerelease,last_updated,listed,missing_info,summary,tags,total_downloads,verified,version
VintaSoft Ltd.,2017-10-06T13:37:44.01Z,7,196,Encode PDF documents using MRC (Mixed Raster Content) compression in .NET.,Vintasoft.Imaging.Pdf.Mrc,False,2018-04-13T11:55:37.043+00:00,False,False,Encode PDF documents using MRC (Mixed Raster Content) compression in .NET.,"Vintasoft,Imaging,.net,sdk,library,vb.net,c#,PDF,MRC,Mixed,Raster,Content",3181,False,1.5.13.1
VintaSoft Ltd.,2017-10-02T12:41:18.88Z,7,200,Encode PDF documents using MRC (Mixed Raster Content) compression in .NET.,Vintasoft.Imaging.Pdf.Mrc,False,2018-04-13T11:55:37.043+00:00,False,False,Encode PDF documents using MRC (Mixed Raster Content) compression in .NET.,"Vintasoft,Imaging,.net,sdk,library,vb.net,c#,PDF,MRC,Mixed,Raster,Content",3181,False,1.5.12.1
VintaSoft Ltd.,2017-09-19T13:06:40.25Z,7,213,Encode PDF documents using MRC (Mixed Raster Content) compression in .NET.,Vintasoft.Imaging.Pdf.Mrc,False,2018-04-13T11:55:37.043+00:00,False,False,Encode PDF documents using MRC (Mixed Raster Content) compression in .NET.,"Vintasoft,Imaging,.net,sdk,library,vb.net,c#,PDF,MRC,Mixed,Raster,Content",3181,False,1.5.11.1
VintaSoft Ltd.,2017-08-16T12:47:37.097Z,7,247,Encode PDF documents using MRC (Mixed Raster Content) compression in .NET.,Vintasoft.Imaging.Pdf.Mrc,False,2018-04-13T11:55:37.043+00:00,False,False,Encode PDF documents using MRC (Mixed Raster Content) compression in .NET.,"Vintasoft,Imaging,.net,sdk,library,vb.net,c#,PDF,MRC,Mixed,Raster,Content",3181,False,1.5.8.1
VintaSoft Ltd.,2017-08-03T11:55:29.11Z,7,260,Encode PDF documents using MRC (Mixed Raster Content) compression in .NET.,Vintasoft.Imaging.Pdf.Mrc,False,2018-04-13T11:55:37.043+00:00,False,False,Encode PDF documents using MRC (Mixed Raster Content) compression in .NET.,"Vintasoft,Imaging,.net,sdk,library,vb.net,c#,PDF,MRC,Mixed,Raster,Content",3181,False,1.5.7.1
Tyrrrz,2018-02-16T18:28:50.73Z,58,63,Culture-invariant fluent checksum builder,Hashsum,False,2018-02-21T13:34:24.3+00:00,True,False,,"checksum,hash,builder,net,core,standard",392,False,1.1.2
VintaSoft Ltd.,2017-09-08T12:21:45.75Z,7,224,Encode PDF documents using MRC (Mixed Raster Content) compression in .NET.,Vintasoft.Imaging.Pdf.Mrc,False,2018-04-13T11:55:37.043+00:00,False,False,Encode PDF documents using MRC (Mixed Raster Content) compression in .NET.,"Vintasoft,Imaging,.net,sdk,library,vb.net,c#,PDF,MRC,Mixed,Raster,Content",3181,False,1.5.10.1
"Ben Abelshausen,Paul den Dulk",2016-04-29T19:31:13.083Z,721,721,Itinero.ui is a map component optimized for routing on mobile applications,Itinero.ui,True,2016-04-29T21:00:56.477+00:00,False,False,,"map,mapping,gis,geo,osm",1029,False,0.1.4-alpha
VintaSoft Ltd.,2017-07-20T11:47:12.077Z,7,274,Encode PDF documents using MRC (Mixed Raster Content) compression in .NET.,Vintasoft.Imaging.Pdf.Mrc,False,2018-04-13T11:55:37.043+00:00,False,False,Encode PDF documents using MRC (Mixed Raster Content) compression in .NET.,"Vintasoft,Imaging,.net,sdk,library,vb.net,c#,PDF,MRC,Mixed,Raster,Content",3181,False,1.5.6.1
VintaSoft Ltd.,2017-07-06T18:35:17.87Z,7,288,Encode PDF documents using MRC (Mixed Raster Content) compression in .NET.,Vintasoft.Imaging.Pdf.Mrc,False,2018-04-13T11:55:37.043+00:00,False,False,Encode PDF documents using MRC (Mixed Raster Content) compression in .NET.,"Vintasoft,Imaging,.net,sdk,library,vb.net,c#,PDF,MRC,Mixed,Raster,Content",3181,False,1.5.5.1
VintaSoft Ltd.,2017-06-21T13:02:55.033Z,7,303,Encode PDF documents using MRC (Mixed Raster Content) compression in .NET.,Vintasoft.Imaging.Pdf.Mrc,False,2018-04-13T11:55:37.043+00:00,False,False,Encode PDF documents using MRC (Mixed Raster Content) compression in .NET.,"Vintasoft,Imaging,.net,sdk,library,vb.net,c#,PDF,MRC,Mixed,Raster,Content",3181,False,1.5.4.1
VintaSoft Ltd.,2017-03-03T08:41:40.59Z,7,413,Encode PDF documents using MRC (Mixed Raster Content) compression in .NET.,Vintasoft.Imaging.Pdf.Mrc,False,2018-04-13T11:55:37.043+00:00,False,False,Encode PDF documents using MRC (Mixed Raster Content) compression in .NET.,"Vintasoft,Imaging,.net,sdk,library,vb.net,c#,PDF,MRC,Mixed,Raster,Content",3181,False,1.4.17.1
VintaSoft Ltd.,2017-05-29T08:21:06.23Z,7,326,Encode PDF documents using MRC (Mixed Raster Content) compression in .NET.,Vintasoft.Imaging.Pdf.Mrc,False,2018-04-13T11:55:37.043+00:00,False,False,Encode PDF documents using MRC (Mixed Raster Content) compression in .NET.,"Vintasoft,Imaging,.net,sdk,library,vb.net,c#,PDF,MRC,Mixed,Raster,Content",3181,False,1.5.3.2
VintaSoft Ltd.,2017-05-05T12:09:58.663Z,7,350,Encode PDF documents using MRC (Mixed Raster Content) compression in .NET.,Vintasoft.Imaging.Pdf.Mrc,False,2018-04-13T11:55:37.043+00:00,False,False,Encode PDF documents using MRC (Mixed Raster Content) compression in .NET.,"Vintasoft,Imaging,.net,sdk,library,vb.net,c#,PDF,MRC,Mixed,Raster,Content",3181,False,1.5.1.1
Bitprim,2018-02-16T18:28:17.34Z,3,63,C# binding for Bitprim Bitcoin platform,bitprim,False,2018-04-17T20:12:32.993+00:00,True,False,,"Bitcoin,C#,Litecoin,Cash",14565,False,0.2.174
VintaSoft Ltd.,2017-01-27T08:33:45.163Z,7,448,Encode PDF documents using MRC (Mixed Raster Content) compression in .NET.,Vintasoft.Imaging.Pdf.Mrc,False,2018-04-13T11:55:37.043+00:00,False,False,Encode PDF documents using MRC (Mixed Raster Content) compression in .NET.,"Vintasoft,Imaging,.net,sdk,library,vb.net,c#,PDF,MRC,Mixed,Raster,Content",3181,False,1.4.13.1
VintaSoft Ltd.,2017-01-20T09:00:10.083Z,7,455,Encode PDF documents using MRC (Mixed Raster Content) compression in .NET.,Vintasoft.Imaging.Pdf.Mrc,False,2018-04-13T11:55:37.043+00:00,False,False,Encode PDF documents using MRC (Mixed Raster Content) compression in .NET.,"Vintasoft,Imaging,.net,sdk,library,vb.net,c#,PDF,MRC,Mixed,Raster,Content",3181,False,1.4.12.1
VintaSoft Ltd.,2017-02-10T15:01:34.973Z,7,434,Encode PDF documents using MRC (Mixed Raster Content) compression in .NET.,Vintasoft.Imaging.Pdf.Mrc,False,2018-04-13T11:55:37.043+00:00,False,False,Encode PDF documents using MRC (Mixed Raster Content) compression in .NET.,"Vintasoft,Imaging,.net,sdk,library,vb.net,c#,PDF,MRC,Mixed,Raster,Content",3181,False,1.4.15.1
VintaSoft Ltd.,2018-01-25T09:15:02.203Z,7,85,Classes and resources for executing JavaScript in PDF documents.,Vintasoft.Imaging.Pdf.JavaScript,False,2018-04-13T11:55:21.747+00:00,False,False,Classes and resources for executing JavaScript in PDF documents.,"Vintasoft,Imaging,.net,sdk,library,vb.net,c#,PDF,JavaScript",1388,False,5.6.3.1
VintaSoft Ltd.,2017-01-12T11:06:08.297Z,7,463,Encode PDF documents using MRC (Mixed Raster Content) compression in .NET.,Vintasoft.Imaging.Pdf.Mrc,False,2018-04-13T11:55:37.043+00:00,False,False,Encode PDF documents using MRC (Mixed Raster Content) compression in .NET.,"Vintasoft,Imaging,.net,sdk,library,vb.net,c#,PDF,MRC,Mixed,Raster,Content",3181,False,1.4.11.1
agent-core,2018-02-16T18:28:03.51Z,63,63,"The actual agent, in lib form so as to be embeddable and easy to package in different ways.",agent-core,False,2018-02-16T18:28:03.51+00:00,True,False,,,194,False,0.2.1
"Ben Abelshausen,Paul den Dulk",2016-04-29T19:29:43.15Z,721,721,Itinero.ui is a map component optimized for routing on mobile applications,Itinero.ui,True,2016-04-29T21:00:56.477+00:00,False,False,,"map,mapping,gis,geo,osm",1029,False,0.1.3-alpha
VintaSoft Ltd.,2017-12-15T12:33:21.537Z,7,126,Classes and resources for executing JavaScript in PDF documents.,Vintasoft.Imaging.Pdf.JavaScript,False,2018-04-13T11:55:21.747+00:00,False,False,Classes and resources for executing JavaScript in PDF documents.,"Vintasoft,Imaging,.net,sdk,library,vb.net,c#,PDF,JavaScript",1388,False,5.6.0.1
Dirk Bahle,2018-02-16T18:28:36.497Z,63,63,WPF/MVVM control to implement a textbox and combobox with a watermark (a faded label inside the text editing area).,Dirkster.WatermarkControlsLib,False,2018-02-16T18:28:36.497+00:00,True,False,,"wpf,waternark,mark,text,textbox,combo,combobox,edit,overlay,mvvm,c#,.net,metro,black,light,themed,control,library",558,False,1.0.1
VintaSoft Ltd.,2018-01-12T13:38:45.25Z,7,98,Classes and resources for executing JavaScript in PDF documents.,Vintasoft.Imaging.Pdf.JavaScript,False,2018-04-13T11:55:21.747+00:00,False,False,Classes and resources for executing JavaScript in PDF documents.,"Vintasoft,Imaging,.net,sdk,library,vb.net,c#,PDF,JavaScript",1388,False,5.6.2.1
VintaSoft Ltd.,2017-12-27T12:30:25.2Z,7,114,Classes and resources for executing JavaScript in PDF documents.,Vintasoft.Imaging.Pdf.JavaScript,False,2018-04-13T11:55:21.747+00:00,False,False,Classes and resources for executing JavaScript in PDF documents.,"Vintasoft,Imaging,.net,sdk,library,vb.net,c#,PDF,JavaScript",1388,False,5.6.1.1
VintaSoft Ltd.,2017-12-01T09:48:16.523Z,7,140,Classes and resources for executing JavaScript in PDF documents.,Vintasoft.Imaging.Pdf.JavaScript,False,2018-04-13T11:55:21.747+00:00,False,False,Classes and resources for executing JavaScript in PDF documents.,"Vintasoft,Imaging,.net,sdk,library,vb.net,c#,PDF,JavaScript",1388,False,5.5.17.1
VintaSoft Ltd.,2017-11-17T12:50:50.07Z,7,154,Classes and resources for executing JavaScript in PDF documents.,Vintasoft.Imaging.Pdf.JavaScript,False,2018-04-13T11:55:21.747+00:00,False,False,Classes and resources for executing JavaScript in PDF documents.,"Vintasoft,Imaging,.net,sdk,library,vb.net,c#,PDF,JavaScript",1388,False,5.5.16.1
VintaSoft Ltd.,2017-11-08T14:42:37.903Z,7,163,Classes and resources for executing JavaScript in PDF documents.,Vintasoft.Imaging.Pdf.JavaScript,False,2018-04-13T11:55:21.747+00:00,False,False,Classes and resources for executing JavaScript in PDF documents.,"Vintasoft,Imaging,.net,sdk,library,vb.net,c#,PDF,JavaScript",1388,False,5.5.15.1
VintaSoft Ltd.,2017-10-20T12:40:52.463Z,7,182,Classes and resources for executing JavaScript in PDF documents.,Vintasoft.Imaging.Pdf.JavaScript,False,2018-04-13T11:55:21.747+00:00,False,False,Classes and resources for executing JavaScript in PDF documents.,"Vintasoft,Imaging,.net,sdk,library,vb.net,c#,PDF,JavaScript",1388,False,5.5.14.1
"Wei ""oldrev"" Li",2018-02-16T18:27:10.443Z,55,63,"A GPS map-matching solution for .NET platform. This solution is porting from the ""barefoot"" project which developed in Java.",Sandwych.MapMatchingKit,True,2018-02-24T04:02:50.743+00:00,True,False,,"map,gis,map-matching,osm,spatial",977,False,0.1.4-alpha-53
VintaSoft Ltd.,2017-10-06T13:37:31.45Z,7,196,Classes and resources for executing JavaScript in PDF documents.,Vintasoft.Imaging.Pdf.JavaScript,False,2018-04-13T11:55:21.747+00:00,False,False,Classes and resources for executing JavaScript in PDF documents.,"Vintasoft,Imaging,.net,sdk,library,vb.net,c#,PDF,JavaScript",1388,False,5.5.13.1
VintaSoft Ltd.,2017-10-06T07:06:22.62Z,7,196,Classes and resources for executing JavaScript in PDF documents.,Vintasoft.Imaging.Pdf.JavaScript,False,2018-04-13T11:55:21.747+00:00,False,False,Classes and resources for executing JavaScript in PDF documents.,"Vintasoft,Imaging,.net,sdk,library,vb.net,c#,PDF,JavaScript",1388,False,5.5.12.1
VintaSoft Ltd.,2018-01-25T09:14:43.517Z,7,85,Recognize text from image and save the recognition results to a text file or searchable PDF document. Export text recognition result into HOCR format.,Vintasoft.Imaging.Ocr.Tesseract,False,2018-04-13T11:54:57.887+00:00,False,False,Recognize text from image and save the recognition results to a text file or searchable PDF document. Export text recognition result into HOCR format.,"Vintasoft,Imaging,.net,sdk,library,vb.net,c#,OCR,Tesseract,text,recognition,searchable,PDF,document,HOCR",3337,False,3.6.3.1
"Wei ""oldrev"" Li",2018-02-16T18:26:58.46Z,55,63,A general purpose utility library implements Hidden Markov Models (HMM) for time-inhomogeneous Markov processes for .NET.,Sandwych.Hmm,True,2018-02-24T04:02:40.29+00:00,True,False,,"map-matching,markov,hmm,viterbi",878,False,0.1.0-beta-53
VintaSoft Ltd.,2017-11-17T12:50:30.967Z,7,154,Recognize text from image and save the recognition results to a text file or searchable PDF document. Export text recognition result into HOCR format.,Vintasoft.Imaging.Ocr.Tesseract,False,2018-04-13T11:54:57.887+00:00,False,False,Recognize text from image and save the recognition results to a text file or searchable PDF document. Export text recognition result into HOCR format.,"Vintasoft,Imaging,.net,sdk,library,vb.net,c#,OCR,Tesseract,text,recognition,searchable,PDF,document,HOCR",3337,False,3.5.16.1
VintaSoft Ltd.,2018-01-12T13:38:19.343Z,7,98,Recognize text from image and save the recognition results to a text file or searchable PDF document. Export text recognition result into HOCR format.,Vintasoft.Imaging.Ocr.Tesseract,False,2018-04-13T11:54:57.887+00:00,False,False,Recognize text from image and save the recognition results to a text file or searchable PDF document. Export text recognition result into HOCR format.,"Vintasoft,Imaging,.net,sdk,library,vb.net,c#,OCR,Tesseract,text,recognition,searchable,PDF,document,HOCR",3337,False,3.6.2.1
VintaSoft Ltd.,2017-12-27T12:30:05.857Z,7,114,Recognize text from image and save the recognition results to a text file or searchable PDF document. Export text recognition result into HOCR format.,Vintasoft.Imaging.Ocr.Tesseract,False,2018-04-13T11:54:57.887+00:00,False,False,Recognize text from image and save the recognition results to a text file or searchable PDF document. Export text recognition result into HOCR format.,"Vintasoft,Imaging,.net,sdk,library,vb.net,c#,OCR,Tesseract,text,recognition,searchable,PDF,document,HOCR",3337,False,3.6.1.1
VintaSoft Ltd.,2017-12-15T12:32:53.487Z,7,126,Recognize text from image and save the recognition results to a text file or searchable PDF document. Export text recognition result into HOCR format.,Vintasoft.Imaging.Ocr.Tesseract,False,2018-04-13T11:54:57.887+00:00,False,False,Recognize text from image and save the recognition results to a text file or searchable PDF document. Export text recognition result into HOCR format.,"Vintasoft,Imaging,.net,sdk,library,vb.net,c#,OCR,Tesseract,text,recognition,searchable,PDF,document,HOCR",3337,False,3.6.0.1
Ben Abelshausen,2016-05-17T10:06:51.38Z,5,703,Itinero.IO.Osm - OpenStreetMap IO.,Itinero.IO.Osm,True,2018-04-15T16:38:16.103+00:00,True,False,Itinero.IO.Osm is a package that enables building Itinero routing databases from OpenStreetMap data.,"osm,openstreetmap,routing,mapping",27352,False,0.8.7-rc1
VintaSoft Ltd.,2017-11-08T14:42:17.5Z,7,163,Recognize text from image and save the recognition results to a text file or searchable PDF document. Export text recognition result into HOCR format.,Vintasoft.Imaging.Ocr.Tesseract,False,2018-04-13T11:54:57.887+00:00,False,False,Recognize text from image and save the recognition results to a text file or searchable PDF document. Export text recognition result into HOCR format.,"Vintasoft,Imaging,.net,sdk,library,vb.net,c#,OCR,Tesseract,text,recognition,searchable,PDF,document,HOCR",3337,False,3.5.15.1
VintaSoft Ltd.,2017-10-20T12:40:22.153Z,7,182,Recognize text from image and save the recognition results to a text file or searchable PDF document. Export text recognition result into HOCR format.,Vintasoft.Imaging.Ocr.Tesseract,False,2018-04-13T11:54:57.887+00:00,False,False,Recognize text from image and save the recognition results to a text file or searchable PDF document. Export text recognition result into HOCR format.,"Vintasoft,Imaging,.net,sdk,library,vb.net,c#,OCR,Tesseract,text,recognition,searchable,PDF,document,HOCR",3337,False,3.5.14.1
VintaSoft Ltd.,2017-12-01T09:47:56.473Z,7,140,Recognize text from image and save the recognition results to a text file or searchable PDF document. Export text recognition result into HOCR format.,Vintasoft.Imaging.Ocr.Tesseract,False,2018-04-13T11:54:57.887+00:00,False,False,Recognize text from image and save the recognition results to a text file or searchable PDF document. Export text recognition result into HOCR format.,"Vintasoft,Imaging,.net,sdk,library,vb.net,c#,OCR,Tesseract,text,recognition,searchable,PDF,document,HOCR",3337,False,3.5.17.1
VintaSoft Ltd.,2017-10-02T12:41:02.96Z,7,200,Recognize text from image and save the recognition results to a text file or searchable PDF document. Export text recognition result into HOCR format.,Vintasoft.Imaging.Ocr.Tesseract,False,2018-04-13T11:54:57.887+00:00,False,False,Recognize text from image and save the recognition results to a text file or searchable PDF document. Export text recognition result into HOCR format.,"Vintasoft,Imaging,.net,sdk,library,vb.net,c#,OCR,Tesseract,text,recognition,searchable,PDF,document,HOCR",3337,False,3.5.12.1
VintaSoft Ltd.,2017-10-06T13:37:12.05Z,7,196,Recognize text from image and save the recognition results to a text file or searchable PDF document. Export text recognition result into HOCR format.,Vintasoft.Imaging.Ocr.Tesseract,False,2018-04-13T11:54:57.887+00:00,False,False,Recognize text from image and save the recognition results to a text file or searchable PDF document. Export text recognition result into HOCR format.,"Vintasoft,Imaging,.net,sdk,library,vb.net,c#,OCR,Tesseract,text,recognition,searchable,PDF,document,HOCR",3337,False,3.5.13.1
VintaSoft Ltd.,2017-09-08T12:21:31.75Z,7,224,Recognize text from image and save the recognition results to a text file or searchable PDF document. Export text recognition result into HOCR format.,Vintasoft.Imaging.Ocr.Tesseract,False,2018-04-13T11:54:57.887+00:00,False,False,Recognize text from image and save the recognition results to a text file or searchable PDF document. Export text recognition result into HOCR format.,"Vintasoft,Imaging,.net,sdk,library,vb.net,c#,OCR,Tesseract,text,recognition,searchable,PDF,document,HOCR",3337,False,3.5.10.1
VintaSoft Ltd.,2017-09-19T13:06:27.19Z,7,213,Recognize text from image and save the recognition results to a text file or searchable PDF document. Export text recognition result into HOCR format.,Vintasoft.Imaging.Ocr.Tesseract,False,2018-04-13T11:54:57.887+00:00,False,False,Recognize text from image and save the recognition results to a text file or searchable PDF document. Export text recognition result into HOCR format.,"Vintasoft,Imaging,.net,sdk,library,vb.net,c#,OCR,Tesseract,text,recognition,searchable,PDF,document,HOCR",3337,False,3.5.11.1
VintaSoft Ltd.,2017-08-16T12:47:23.66Z,7,247,Recognize text from image and save the recognition results to a text file or searchable PDF document. Export text recognition result into HOCR format.,Vintasoft.Imaging.Ocr.Tesseract,False,2018-04-13T11:54:57.887+00:00,False,False,Recognize text from image and save the recognition results to a text file or searchable PDF document. Export text recognition result into HOCR format.,"Vintasoft,Imaging,.net,sdk,library,vb.net,c#,OCR,Tesseract,text,recognition,searchable,PDF,document,HOCR",3337,False,3.5.8.1
VintaSoft Ltd.,2017-08-03T11:55:15.123Z,7,260,Recognize text from image and save the recognition results to a text file or searchable PDF document. Export text recognition result into HOCR format.,Vintasoft.Imaging.Ocr.Tesseract,False,2018-04-13T11:54:57.887+00:00,False,False,Recognize text from image and save the recognition results to a text file or searchable PDF document. Export text recognition result into HOCR format.,"Vintasoft,Imaging,.net,sdk,library,vb.net,c#,OCR,Tesseract,text,recognition,searchable,PDF,document,HOCR",3337,False,3.5.7.1
VintaSoft Ltd.,2017-07-20T11:46:57.763Z,7,274,Recognize text from image and save the recognition results to a text file or searchable PDF document. Export text recognition result into HOCR format.,Vintasoft.Imaging.Ocr.Tesseract,False,2018-04-13T11:54:57.887+00:00,False,False,Recognize text from image and save the recognition results to a text file or searchable PDF document. Export text recognition result into HOCR format.,"Vintasoft,Imaging,.net,sdk,library,vb.net,c#,OCR,Tesseract,text,recognition,searchable,PDF,document,HOCR",3337,False,3.5.6.1
VintaSoft Ltd.,2017-07-06T18:35:05.713Z,7,288,Recognize text from image and save the recognition results to a text file or searchable PDF document. Export text recognition result into HOCR format.,Vintasoft.Imaging.Ocr.Tesseract,False,2018-04-13T11:54:57.887+00:00,False,False,Recognize text from image and save the recognition results to a text file or searchable PDF document. Export text recognition result into HOCR format.,"Vintasoft,Imaging,.net,sdk,library,vb.net,c#,OCR,Tesseract,text,recognition,searchable,PDF,document,HOCR",3337,False,3.5.5.1
Austin Drenski,2018-02-16T18:26:02.02Z,16,63,C# extension library for OpenXML manipulation.,AD.OpenXml,False,2018-04-04T21:38:48.957+00:00,True,False,,"xml,open-xml,docx,xlsx,read-xml,write-xml,write-docx,create-docx",4637,False,1.4.44
Henrik Feldt,2018-02-16T18:25:52.393Z,33,63,A simple functional HTTP client library for F#,Http.fs,False,2018-03-18T13:38:23.043+00:00,True,False,,"http,fsharp,client,functional",53751,False,5.0.1
VintaSoft Ltd.,2017-05-05T12:08:45.897Z,7,350,Recognize text from image and save the recognition results to a text file or searchable PDF document. Export text recognition result into HOCR format.,Vintasoft.Imaging.Ocr.Tesseract,False,2018-04-13T11:54:57.887+00:00,False,False,Recognize text from image and save the recognition results to a text file or searchable PDF document. Export text recognition result into HOCR format.,"Vintasoft,Imaging,.net,sdk,library,vb.net,c#,OCR,Tesseract,text,recognition,searchable,PDF,document,HOCR",3337,False,3.5.1.1
VintaSoft Ltd.,2017-03-03T08:41:21.933Z,7,413,Recognize text from image and save the recognition results to a text file or searchable PDF document. Export text recognition result into HOCR format.,Vintasoft.Imaging.Ocr.Tesseract,False,2018-04-13T11:54:57.887+00:00,False,False,Recognize text from image and save the recognition results to a text file or searchable PDF document. Export text recognition result into HOCR format.,"Vintasoft,Imaging,.net,sdk,library,vb.net,c#,OCR,Tesseract,text,recognition,searchable,PDF,document,HOCR",3337,False,3.4.17.1
VintaSoft Ltd.,2017-06-21T13:02:44.11Z,7,303,Recognize text from image and save the recognition results to a text file or searchable PDF document. Export text recognition result into HOCR format.,Vintasoft.Imaging.Ocr.Tesseract,False,2018-04-13T11:54:57.887+00:00,False,False,Recognize text from image and save the recognition results to a text file or searchable PDF document. Export text recognition result into HOCR format.,"Vintasoft,Imaging,.net,sdk,library,vb.net,c#,OCR,Tesseract,text,recognition,searchable,PDF,document,HOCR",3337,False,3.5.4.1
VintaSoft Ltd.,2017-05-29T08:20:48.557Z,7,326,Recognize text from image and save the recognition results to a text file or searchable PDF document. Export text recognition result into HOCR format.,Vintasoft.Imaging.Ocr.Tesseract,False,2018-04-13T11:54:57.887+00:00,False,False,Recognize text from image and save the recognition results to a text file or searchable PDF document. Export text recognition result into HOCR format.,"Vintasoft,Imaging,.net,sdk,library,vb.net,c#,OCR,Tesseract,text,recognition,searchable,PDF,document,HOCR",3337,False,3.5.3.2
VintaSoft Ltd.,2017-02-10T15:01:15.397Z,7,434,Recognize text from image and save the recognition results to a text file or searchable PDF document. Export text recognition result into HOCR format.,Vintasoft.Imaging.Ocr.Tesseract,False,2018-04-13T11:54:57.887+00:00,False,False,Recognize text from image and save the recognition results to a text file or searchable PDF document. Export text recognition result into HOCR format.,"Vintasoft,Imaging,.net,sdk,library,vb.net,c#,OCR,Tesseract,text,recognition,searchable,PDF,document,HOCR",3337,False,3.4.15.1
Ben Abelshausen,2016-05-17T10:06:18.21Z,155,703,Itinero.Geo - A bridge between Itinero and Geo.,Itinero.Geo,True,2017-11-16T17:01:42.553+00:00,True,False,Itinero.Geo is a package that provides a bridge between Itinero and Geo using NTS/GeoAPI.,"osm,openstreetmap,routing,mapping",23864,False,0.8.7-rc1
Ben Abelshausen,2016-05-17T10:05:36.867Z,5,703,Itinero - Routing for .NET.,Itinero,True,2018-04-15T16:38:02.54+00:00,True,False,Itinero is a route planning project for .NET to plan routes in a road network.,"osm,openstreetmap,routing,mapping",29098,False,0.8.7-rc1
VintaSoft Ltd.,2018-01-25T09:07:42.05Z,7,85,Recognize text from image and save the recognition results to a text file or searchable PDF document. Export text recognition result into HOCR format.,Vintasoft.Imaging.Ocr,False,2018-04-13T11:45:42.817+00:00,False,False,Recognize text from image and save the recognition results to a text file or searchable PDF document. Export text recognition result into HOCR format.,"Vintasoft,Imaging,.net,sdk,library,vb.net,c#,OCR,Tesseract,text,recognition,searchable,PDF,document,HOCR",3506,False,3.6.3.1
VintaSoft Ltd.,2018-01-12T13:31:14.203Z,7,98,Recognize text from image and save the recognition results to a text file or searchable PDF document. Export text recognition result into HOCR format.,Vintasoft.Imaging.Ocr,False,2018-04-13T11:45:42.817+00:00,False,False,Recognize text from image and save the recognition results to a text file or searchable PDF document. Export text recognition result into HOCR format.,"Vintasoft,Imaging,.net,sdk,library,vb.net,c#,OCR,Tesseract,text,recognition,searchable,PDF,document,HOCR",3506,False,3.6.2.1
cdowney@cimpress.com,2018-02-16T18:24:23.107Z,9,63,An additional library to handle security for Cimpress.Nancy,Cimpress.Nancy.Security,True,2018-04-11T19:17:48.493+00:00,True,False,,"nancy,cimpress,auth0,cimpress.nancy,cimpress.nancy.security",4169,False,1.0.32-alpha
VintaSoft Ltd.,2017-01-20T08:59:52.77Z,7,455,Recognize text from image and save the recognition results to a text file or searchable PDF document. Export text recognition result into HOCR format.,Vintasoft.Imaging.Ocr.Tesseract,False,2018-04-13T11:54:57.887+00:00,False,False,Recognize text from image and save the recognition results to a text file or searchable PDF document. Export text recognition result into HOCR format.,"Vintasoft,Imaging,.net,sdk,library,vb.net,c#,OCR,Tesseract,text,recognition,searchable,PDF,document,HOCR",3337,False,3.4.12.1
cdowney@cimpress.com,2018-02-16T18:24:34.123Z,9,63,An additional library to handle Swagger output for Cimpress.Nancy,Cimpress.Nancy.Swagger,True,2018-04-11T19:18:00.993+00:00,True,False,,"nancy,cimpress,swagger,cimpress.nancy,cimpress.nancy.swagger",4169,False,1.0.32-alpha
VintaSoft Ltd.,2017-01-12T11:05:48.903Z,7,463,Recognize text from image and save the recognition results to a text file or searchable PDF document. Export text recognition result into HOCR format.,Vintasoft.Imaging.Ocr.Tesseract,False,2018-04-13T11:54:57.887+00:00,False,False,Recognize text from image and save the recognition results to a text file or searchable PDF document. Export text recognition result into HOCR format.,"Vintasoft,Imaging,.net,sdk,library,vb.net,c#,OCR,Tesseract,text,recognition,searchable,PDF,document,HOCR",3337,False,3.4.11.1
VintaSoft Ltd.,2017-01-27T08:33:27.037Z,7,448,Recognize text from image and save the recognition results to a text file or searchable PDF document. Export text recognition result into HOCR format.,Vintasoft.Imaging.Ocr.Tesseract,False,2018-04-13T11:54:57.887+00:00,False,False,Recognize text from image and save the recognition results to a text file or searchable PDF document. Export text recognition result into HOCR format.,"Vintasoft,Imaging,.net,sdk,library,vb.net,c#,OCR,Tesseract,text,recognition,searchable,PDF,document,HOCR",3337,False,3.4.13.1
VintaSoft Ltd.,2017-10-20T12:35:09.99Z,7,182,Recognize text from image and save the recognition results to a text file or searchable PDF document. Export text recognition result into HOCR format.,Vintasoft.Imaging.Ocr,False,2018-04-13T11:45:42.817+00:00,False,False,Recognize text from image and save the recognition results to a text file or searchable PDF document. Export text recognition result into HOCR format.,"Vintasoft,Imaging,.net,sdk,library,vb.net,c#,OCR,Tesseract,text,recognition,searchable,PDF,document,HOCR",3506,False,3.5.14.1
"IT Hit,Ltd",2016-05-18T14:32:51.343Z,702,702,"WebDAV client library for .NET, Xamarin iOS and Android for managing items on WebDAV RFC 4918, RFC 2518 and DeltaV RFC 3253 compliant WebDAV servers, uploading, downloading files, managing locks and file versions. The library is using Task-based Asynchronous Pattern (TAP) and requires .NET 4.5 or later. Over 90% of code is covered by unit and integration tests including iOS and Android versions.",ITHitWebDAVClient,False,2016-05-18T14:32:51.343+00:00,True,False,"WebDAV client library for .NET, Xamarin iOS and Android for managing items on a WebDAV server, uploading / downloading files and managing locks. Over 90% of code is covered by unit tests and integration tests including iOS and Android versions.","WebDAV,client,library,Xamarin,iOS,Android,NetCore,DeltaV,file,resume,restore,upload,download",475,False,2.0.421
VintaSoft Ltd.,2017-12-27T12:25:01.83Z,7,114,Recognize text from image and save the recognition results to a text file or searchable PDF document. Export text recognition result into HOCR format.,Vintasoft.Imaging.Ocr,False,2018-04-13T11:45:42.817+00:00,False,False,Recognize text from image and save the recognition results to a text file or searchable PDF document. Export text recognition result into HOCR format.,"Vintasoft,Imaging,.net,sdk,library,vb.net,c#,OCR,Tesseract,text,recognition,searchable,PDF,document,HOCR",3506,False,3.6.1.1
VintaSoft Ltd.,2017-12-15T12:26:51.427Z,7,126,Recognize text from image and save the recognition results to a text file or searchable PDF document. Export text recognition result into HOCR format.,Vintasoft.Imaging.Ocr,False,2018-04-13T11:45:42.817+00:00,False,False,Recognize text from image and save the recognition results to a text file or searchable PDF document. Export text recognition result into HOCR format.,"Vintasoft,Imaging,.net,sdk,library,vb.net,c#,OCR,Tesseract,text,recognition,searchable,PDF,document,HOCR",3506,False,3.6.0.1
VintaSoft Ltd.,2017-12-01T09:42:44.38Z,7,140,Recognize text from image and save the recognition results to a text file or searchable PDF document. Export text recognition result into HOCR format.,Vintasoft.Imaging.Ocr,False,2018-04-13T11:45:42.817+00:00,False,False,Recognize text from image and save the recognition results to a text file or searchable PDF document. Export text recognition result into HOCR format.,"Vintasoft,Imaging,.net,sdk,library,vb.net,c#,OCR,Tesseract,text,recognition,searchable,PDF,document,HOCR",3506,False,3.5.17.1
VintaSoft Ltd.,2017-08-16T12:42:39.423Z,7,247,Recognize text from image and save the recognition results to a text file or searchable PDF document. Export text recognition result into HOCR format.,Vintasoft.Imaging.Ocr,False,2018-04-13T11:45:42.817+00:00,False,False,Recognize text from image and save the recognition results to a text file or searchable PDF document. Export text recognition result into HOCR format.,"Vintasoft,Imaging,.net,sdk,library,vb.net,c#,OCR,Tesseract,text,recognition,searchable,PDF,document,HOCR",3506,False,3.5.8.1
VintaSoft Ltd.,2017-08-03T11:49:05.94Z,7,260,Recognize text from image and save the recognition results to a text file or searchable PDF document. Export text recognition result into HOCR format.,Vintasoft.Imaging.Ocr,False,2018-04-13T11:45:42.817+00:00,False,False,Recognize text from image and save the recognition results to a text file or searchable PDF document. Export text recognition result into HOCR format.,"Vintasoft,Imaging,.net,sdk,library,vb.net,c#,OCR,Tesseract,text,recognition,searchable,PDF,document,HOCR",3506,False,3.5.7.1
VintaSoft Ltd.,2017-07-20T11:42:32.19Z,7,274,Recognize text from image and save the recognition results to a text file or searchable PDF document. Export text recognition result into HOCR format.,Vintasoft.Imaging.Ocr,False,2018-04-13T11:45:42.817+00:00,False,False,Recognize text from image and save the recognition results to a text file or searchable PDF document. Export text recognition result into HOCR format.,"Vintasoft,Imaging,.net,sdk,library,vb.net,c#,OCR,Tesseract,text,recognition,searchable,PDF,document,HOCR",3506,False,3.5.6.1
VintaSoft Ltd.,2017-07-06T18:30:47.157Z,7,288,Recognize text from image and save the recognition results to a text file or searchable PDF document. Export text recognition result into HOCR format.,Vintasoft.Imaging.Ocr,False,2018-04-13T11:45:42.817+00:00,False,False,Recognize text from image and save the recognition results to a text file or searchable PDF document. Export text recognition result into HOCR format.,"Vintasoft,Imaging,.net,sdk,library,vb.net,c#,OCR,Tesseract,text,recognition,searchable,PDF,document,HOCR",3506,False,3.5.5.1
VintaSoft Ltd.,2017-06-21T12:58:13.46Z,7,303,Recognize text from image and save the recognition results to a text file or searchable PDF document. Export text recognition result into HOCR format.,Vintasoft.Imaging.Ocr,False,2018-04-13T11:45:42.817+00:00,False,False,Recognize text from image and save the recognition results to a text file or searchable PDF document. Export text recognition result into HOCR format.,"Vintasoft,Imaging,.net,sdk,library,vb.net,c#,OCR,Tesseract,text,recognition,searchable,PDF,document,HOCR",3506,False,3.5.4.1
cdowney@cimpress.com,2018-02-16T18:24:00.683Z,9,63,A helper library for handling reproducible tasks such as logging and authentication for Nancy microservices,Cimpress.Nancy,True,2018-04-11T19:17:25.053+00:00,True,False,,"nancy,cimpress,cimpress.nancy,microservice",4747,False,1.0.32-alpha
VintaSoft Ltd.,2017-10-02T12:33:09.667Z,7,200,Recognize text from image and save the recognition results to a text file or searchable PDF document. Export text recognition result into HOCR format.,Vintasoft.Imaging.Ocr,False,2018-04-13T11:45:42.817+00:00,False,False,Recognize text from image and save the recognition results to a text file or searchable PDF document. Export text recognition result into HOCR format.,"Vintasoft,Imaging,.net,sdk,library,vb.net,c#,OCR,Tesseract,text,recognition,searchable,PDF,document,HOCR",3506,False,3.5.12.1
"Wei ""oldrev"" Li",2018-02-16T18:20:45.377Z,50,63,Package Description,Sandwych.GeographicLib,True,2018-03-01T15:17:54.633+00:00,True,False,,"geographic,gis,geodesic,gnomonic",695,False,1.49.3-beta-26
"IT Hit,Ltd",2016-05-18T03:40:48.89Z,43209,702,"WebDAV client library for .NET, Xamarin iOS and Android for managing items on WebDAV RFC 4918, RFC 2518 and DeltaV RFC 3253 compliant WebDAV servers, uploading, downloading files, managing locks and file versions. The library is using Task-based Asynchronous Pattern (TAP) and requires .NET 4.5 or later. ",ITHitWebDAVClientLibraryforNET,False,1900-01-01T00:00:00+00:00,False,False,"WebDAV client library for .NET, Xamarin iOS and Android for managing items on a WebDAV server, uploading / downloading files and managing locks. Over 90% of code is covered by unit and integration tests including iOS and Android versions.","WebDAV,client,library,Xamarin,iOS,Android,NetCore,DeltaV,file,resume,restore,upload,download",-1,False,2.0.421
cdowney@cimpress.com,2018-02-16T18:24:11.84Z,9,63,An additional library to handle logging for Cimpress.Nancy,Cimpress.Nancy.Logging,True,2018-04-11T19:17:36.587+00:00,True,False,,"nancy,cimpress,cimpress.nancy,cimpress.nancy.logging",4453,False,1.0.32-alpha
VintaSoft Ltd.,2017-09-08T12:16:53.943Z,7,224,Recognize text from image and save the recognition results to a text file or searchable PDF document. Export text recognition result into HOCR format.,Vintasoft.Imaging.Ocr,False,2018-04-13T11:45:42.817+00:00,False,False,Recognize text from image and save the recognition results to a text file or searchable PDF document. Export text recognition result into HOCR format.,"Vintasoft,Imaging,.net,sdk,library,vb.net,c#,OCR,Tesseract,text,recognition,searchable,PDF,document,HOCR",3506,False,3.5.10.1
VintaSoft Ltd.,2017-11-17T12:45:13.843Z,7,154,Recognize text from image and save the recognition results to a text file or searchable PDF document. Export text recognition result into HOCR format.,Vintasoft.Imaging.Ocr,False,2018-04-13T11:45:42.817+00:00,False,False,Recognize text from image and save the recognition results to a text file or searchable PDF document. Export text recognition result into HOCR format.,"Vintasoft,Imaging,.net,sdk,library,vb.net,c#,OCR,Tesseract,text,recognition,searchable,PDF,document,HOCR",3506,False,3.5.16.1
VintaSoft Ltd.,2017-11-08T14:36:30.977Z,7,163,Recognize text from image and save the recognition results to a text file or searchable PDF document. Export text recognition result into HOCR format.,Vintasoft.Imaging.Ocr,False,2018-04-13T11:45:42.817+00:00,False,False,Recognize text from image and save the recognition results to a text file or searchable PDF document. Export text recognition result into HOCR format.,"Vintasoft,Imaging,.net,sdk,library,vb.net,c#,OCR,Tesseract,text,recognition,searchable,PDF,document,HOCR",3506,False,3.5.15.1
VintaSoft Ltd.,2017-10-06T13:31:26.243Z,7,196,Recognize text from image and save the recognition results to a text file or searchable PDF document. Export text recognition result into HOCR format.,Vintasoft.Imaging.Ocr,False,2018-04-13T11:45:42.817+00:00,False,False,Recognize text from image and save the recognition results to a text file or searchable PDF document. Export text recognition result into HOCR format.,"Vintasoft,Imaging,.net,sdk,library,vb.net,c#,OCR,Tesseract,text,recognition,searchable,PDF,document,HOCR",3506,False,3.5.13.1
VintaSoft Ltd.,2017-09-19T13:01:31.18Z,7,213,Recognize text from image and save the recognition results to a text file or searchable PDF document. Export text recognition result into HOCR format.,Vintasoft.Imaging.Ocr,False,2018-04-13T11:45:42.817+00:00,False,False,Recognize text from image and save the recognition results to a text file or searchable PDF document. Export text recognition result into HOCR format.,"Vintasoft,Imaging,.net,sdk,library,vb.net,c#,OCR,Tesseract,text,recognition,searchable,PDF,document,HOCR",3506,False,3.5.11.1
cdowney@cimpress.com,2018-02-16T18:24:34.123Z,9,63,An additional library to handle Swagger output for Cimpress.Nancy,Cimpress.Nancy.Swagger,True,2018-04-11T19:18:00.993+00:00,True,False,,"nancy,cimpress,swagger,cimpress.nancy,cimpress.nancy.swagger",4169,False,1.0.32-alpha
cdowney@cimpress.com,2018-02-16T18:24:00.683Z,9,63,A helper library for handling reproducible tasks such as logging and authentication for Nancy microservices,Cimpress.Nancy,True,2018-04-11T19:17:25.053+00:00,True,False,,"nancy,cimpress,cimpress.nancy,microservice",4747,False,1.0.32-alpha
"Wei ""oldrev"" Li",2018-02-16T18:20:45.377Z,50,63,Package Description,Sandwych.GeographicLib,True,2018-03-01T15:17:54.633+00:00,True,False,,"geographic,gis,geodesic,gnomonic",695,False,1.49.3-beta-26
cdowney@cimpress.com,2018-02-16T18:24:23.107Z,9,63,An additional library to handle security for Cimpress.Nancy,Cimpress.Nancy.Security,True,2018-04-11T19:17:48.493+00:00,True,False,,"nancy,cimpress,auth0,cimpress.nancy,cimpress.nancy.security",4169,False,1.0.32-alpha
cdowney@cimpress.com,2018-02-16T18:24:11.84Z,9,63,An additional library to handle logging for Cimpress.Nancy,Cimpress.Nancy.Logging,True,2018-04-11T19:17:36.587+00:00,True,False,,"nancy,cimpress,cimpress.nancy,cimpress.nancy.logging",4453,False,1.0.32-alpha
Geeks Ltd,2018-02-16T18:20:23.22Z,2,63,Compiles M# definitions into .NET code.,MSharp,False,2018-04-18T14:14:37.973+00:00,True,False,,,13437,False,4.1.158
VintaSoft Ltd.,2017-05-29T07:56:10.423Z,7,326,Recognize text from image and save the recognition results to a text file or searchable PDF document. Export text recognition result into HOCR format.,Vintasoft.Imaging.Ocr,False,2018-04-13T11:45:42.817+00:00,False,False,Recognize text from image and save the recognition results to a text file or searchable PDF document. Export text recognition result into HOCR format.,"Vintasoft,Imaging,.net,sdk,library,vb.net,c#,OCR,Tesseract,text,recognition,searchable,PDF,document,HOCR",3506,False,3.5.3.2
VintaSoft Ltd.,2017-05-05T11:40:37.77Z,7,350,Recognize text from image and save the recognition results to a text file or searchable PDF document. Export text recognition result into HOCR format.,Vintasoft.Imaging.Ocr,False,2018-04-13T11:45:42.817+00:00,False,False,Recognize text from image and save the recognition results to a text file or searchable PDF document. Export text recognition result into HOCR format.,"Vintasoft,Imaging,.net,sdk,library,vb.net,c#,OCR,Tesseract,text,recognition,searchable,PDF,document,HOCR",3506,False,3.5.1.1
"Bruno Lowagie,Paulo Soares,et al.",2016-03-17T11:06:36.447Z,79,764,Adds extra functionality for iTextSharp - support for PDF 2.,itextsharp.xtra,False,2018-01-31T08:42:49.283+00:00,True,False,"Extra functionality for iTextSharp, a free port of the iText open source java library for PDF generation written entirely in C# for the .NET platform.","itext,itextsharp,c#,csharp,.net,pdf",75463,False,5.5.9
VintaSoft Ltd.,2017-01-27T08:02:06.55Z,7,448,Recognize text from image and save the recognition results to a text file or searchable PDF document. Export text recognition result into HOCR format.,Vintasoft.Imaging.Ocr,False,2018-04-13T11:45:42.817+00:00,False,False,Recognize text from image and save the recognition results to a text file or searchable PDF document. Export text recognition result into HOCR format.,"Vintasoft,Imaging,.net,sdk,library,vb.net,c#,OCR,Tesseract,text,recognition,searchable,PDF,document,HOCR",3506,False,3.4.13.1
VintaSoft Ltd.,2017-02-10T14:48:54.67Z,7,434,Recognize text from image and save the recognition results to a text file or searchable PDF document. Export text recognition result into HOCR format.,Vintasoft.Imaging.Ocr,False,2018-04-13T11:45:42.817+00:00,False,False,Recognize text from image and save the recognition results to a text file or searchable PDF document. Export text recognition result into HOCR format.,"Vintasoft,Imaging,.net,sdk,library,vb.net,c#,OCR,Tesseract,text,recognition,searchable,PDF,document,HOCR",3506,False,3.4.15.1
VintaSoft Ltd.,2017-01-20T08:50:57.17Z,7,455,Recognize text from image and save the recognition results to a text file or searchable PDF document. Export text recognition result into HOCR format.,Vintasoft.Imaging.Ocr,False,2018-04-13T11:45:42.817+00:00,False,False,Recognize text from image and save the recognition results to a text file or searchable PDF document. Export text recognition result into HOCR format.,"Vintasoft,Imaging,.net,sdk,library,vb.net,c#,OCR,Tesseract,text,recognition,searchable,PDF,document,HOCR",3506,False,3.4.12.1
VintaSoft Ltd.,2017-03-03T08:34:06.9Z,7,413,Recognize text from image and save the recognition results to a text file or searchable PDF document. Export text recognition result into HOCR format.,Vintasoft.Imaging.Ocr,False,2018-04-13T11:45:42.817+00:00,False,False,Recognize text from image and save the recognition results to a text file or searchable PDF document. Export text recognition result into HOCR format.,"Vintasoft,Imaging,.net,sdk,library,vb.net,c#,OCR,Tesseract,text,recognition,searchable,PDF,document,HOCR",3506,False,3.4.17.1
VintaSoft Ltd.,2017-11-17T12:44:56.533Z,7,154,Capture images from DirectShow camera in .NET.,Vintasoft.Imaging.Media,False,2018-04-13T11:45:13.927+00:00,False,False,Capture images from DirectShow camera in .NET.,"Vintasoft,Imaging,.net,sdk,library,capture,image,DirectShow,device,camera,vb.net,c#",3187,False,2.5.16.1
VintaSoft Ltd.,2018-01-12T13:30:55.03Z,7,98,Capture images from DirectShow camera in .NET.,Vintasoft.Imaging.Media,False,2018-04-13T11:45:13.927+00:00,False,False,Capture images from DirectShow camera in .NET.,"Vintasoft,Imaging,.net,sdk,library,capture,image,DirectShow,device,camera,vb.net,c#",3187,False,2.6.2.1
VintaSoft Ltd.,2017-01-12T10:17:30.443Z,7,463,Recognize text from image and save the recognition results to a text file or searchable PDF document. Export text recognition result into HOCR format.,Vintasoft.Imaging.Ocr,False,2018-04-13T11:45:42.817+00:00,False,False,Recognize text from image and save the recognition results to a text file or searchable PDF document. Export text recognition result into HOCR format.,"Vintasoft,Imaging,.net,sdk,library,vb.net,c#,OCR,Tesseract,text,recognition,searchable,PDF,document,HOCR",3506,False,3.4.11.1
VintaSoft Ltd.,2017-12-27T12:24:45.503Z,7,114,Capture images from DirectShow camera in .NET.,Vintasoft.Imaging.Media,False,2018-04-13T11:45:13.927+00:00,False,False,Capture images from DirectShow camera in .NET.,"Vintasoft,Imaging,.net,sdk,library,capture,image,DirectShow,device,camera,vb.net,c#",3187,False,2.6.1.1
VintaSoft Ltd.,2017-10-06T13:31:07.793Z,7,196,Capture images from DirectShow camera in .NET.,Vintasoft.Imaging.Media,False,2018-04-13T11:45:13.927+00:00,False,False,Capture images from DirectShow camera in .NET.,"Vintasoft,Imaging,.net,sdk,library,capture,image,DirectShow,device,camera,vb.net,c#",3187,False,2.5.13.1
Geeks Ltd,2018-02-16T18:20:23.22Z,2,63,Compiles M# definitions into .NET code.,MSharp,False,2018-04-18T14:14:37.973+00:00,True,False,,,13437,False,4.1.158
VintaSoft Ltd.,2017-12-01T09:42:28.49Z,7,140,Capture images from DirectShow camera in .NET.,Vintasoft.Imaging.Media,False,2018-04-13T11:45:13.927+00:00,False,False,Capture images from DirectShow camera in .NET.,"Vintasoft,Imaging,.net,sdk,library,capture,image,DirectShow,device,camera,vb.net,c#",3187,False,2.5.17.1
VintaSoft Ltd.,2017-08-03T11:48:48.893Z,7,260,Capture images from DirectShow camera in .NET.,Vintasoft.Imaging.Media,False,2018-04-13T11:45:13.927+00:00,False,False,Capture images from DirectShow camera in .NET.,"Vintasoft,Imaging,.net,sdk,library,capture,image,DirectShow,device,camera,vb.net,c#",3187,False,2.5.7.1
VintaSoft Ltd.,2017-12-15T12:26:35.003Z,7,126,Capture images from DirectShow camera in .NET.,Vintasoft.Imaging.Media,False,2018-04-13T11:45:13.927+00:00,False,False,Capture images from DirectShow camera in .NET.,"Vintasoft,Imaging,.net,sdk,library,capture,image,DirectShow,device,camera,vb.net,c#",3187,False,2.6.0.1
VintaSoft Ltd.,2017-09-08T12:16:39.707Z,7,224,Capture images from DirectShow camera in .NET.,Vintasoft.Imaging.Media,False,2018-04-13T11:45:13.927+00:00,False,False,Capture images from DirectShow camera in .NET.,"Vintasoft,Imaging,.net,sdk,library,capture,image,DirectShow,device,camera,vb.net,c#",3187,False,2.5.10.1
VintaSoft Ltd.,2017-10-20T12:34:55.337Z,7,182,Capture images from DirectShow camera in .NET.,Vintasoft.Imaging.Media,False,2018-04-13T11:45:13.927+00:00,False,False,Capture images from DirectShow camera in .NET.,"Vintasoft,Imaging,.net,sdk,library,capture,image,DirectShow,device,camera,vb.net,c#",3187,False,2.5.14.1
VintaSoft Ltd.,2017-06-21T12:57:58.35Z,7,303,Capture images from DirectShow camera in .NET.,Vintasoft.Imaging.Media,False,2018-04-13T11:45:13.927+00:00,False,False,Capture images from DirectShow camera in .NET.,"Vintasoft,Imaging,.net,sdk,library,capture,image,DirectShow,device,camera,vb.net,c#",3187,False,2.5.4.1
VintaSoft Ltd.,2017-09-19T13:01:15.74Z,7,213,Capture images from DirectShow camera in .NET.,Vintasoft.Imaging.Media,False,2018-04-13T11:45:13.927+00:00,False,False,Capture images from DirectShow camera in .NET.,"Vintasoft,Imaging,.net,sdk,library,capture,image,DirectShow,device,camera,vb.net,c#",3187,False,2.5.11.1
VintaSoft Ltd.,2017-08-16T12:42:22.877Z,7,247,Capture images from DirectShow camera in .NET.,Vintasoft.Imaging.Media,False,2018-04-13T11:45:13.927+00:00,False,False,Capture images from DirectShow camera in .NET.,"Vintasoft,Imaging,.net,sdk,library,capture,image,DirectShow,device,camera,vb.net,c#",3187,False,2.5.8.1
VintaSoft Ltd.,2017-07-20T11:42:18.393Z,7,274,Capture images from DirectShow camera in .NET.,Vintasoft.Imaging.Media,False,2018-04-13T11:45:13.927+00:00,False,False,Capture images from DirectShow camera in .NET.,"Vintasoft,Imaging,.net,sdk,library,capture,image,DirectShow,device,camera,vb.net,c#",3187,False,2.5.6.1
VintaSoft Ltd.,2017-07-06T18:30:34.627Z,7,288,Capture images from DirectShow camera in .NET.,Vintasoft.Imaging.Media,False,2018-04-13T11:45:13.927+00:00,False,False,Capture images from DirectShow camera in .NET.,"Vintasoft,Imaging,.net,sdk,library,capture,image,DirectShow,device,camera,vb.net,c#",3187,False,2.5.5.1
VintaSoft Ltd.,2017-11-08T14:36:13.837Z,7,163,Capture images from DirectShow camera in .NET.,Vintasoft.Imaging.Media,False,2018-04-13T11:45:13.927+00:00,False,False,Capture images from DirectShow camera in .NET.,"Vintasoft,Imaging,.net,sdk,library,capture,image,DirectShow,device,camera,vb.net,c#",3187,False,2.5.15.1
VintaSoft Ltd.,2018-01-25T09:07:26.19Z,7,85,Capture images from DirectShow camera in .NET.,Vintasoft.Imaging.Media,False,2018-04-13T11:45:13.927+00:00,False,False,Capture images from DirectShow camera in .NET.,"Vintasoft,Imaging,.net,sdk,library,capture,image,DirectShow,device,camera,vb.net,c#",3187,False,2.6.3.1
"Bruno Lowagie,Paulo Soares,et al.",2014-02-14T12:02:35.927Z,79,1526,Adds extra functionality for iTextSharp - support for PDF 2.,itextsharp.xtra,False,2018-01-31T08:42:49.283+00:00,True,False,"Extra functionality for iTextSharp, a free port of the iText open source java library for PDF generation written entirely in C# for the .NET platform.","itext,itextsharp,c#,.net,csharp,pdf",75463,False,5.5.0
VintaSoft Ltd.,2017-10-02T12:32:48.057Z,7,200,Capture images from DirectShow camera in .NET.,Vintasoft.Imaging.Media,False,2018-04-13T11:45:13.927+00:00,False,False,Capture images from DirectShow camera in .NET.,"Vintasoft,Imaging,.net,sdk,library,capture,image,DirectShow,device,camera,vb.net,c#",3187,False,2.5.12.1
VintaSoft Ltd.,2018-01-12T13:30:38.06Z,7,98,".NET decoder and encoder for JPEG2000 images. VintaSoft JPEG2000 .NET Plug-in is the add-on for VintaSoft Imaging .NET SDK, which allows to decode and encode JPEG2000 images in .NET.",Vintasoft.Imaging.Jpeg2000Codec,False,2018-04-13T11:44:56.77+00:00,False,False,".NET decoder and encoder for JPEG2000 images. VintaSoft JPEG2000 .NET Plug-in is the add-on for VintaSoft Imaging .NET SDK, which allows to decode and encode JPEG2000 images in .NET.","Vintasoft,Imaging,.net,sdk,JPEG2000,image,decode,encode,PDF",3339,False,4.6.2.1
Highsoft,2018-02-16T18:17:39.87Z,2,63,"Highcharts .NET allows developers to make charts using Highcharts API with the Microsoft .NET Framework (ASP.NET MVC 4+).

Official Highsoft's library.

Examples, API and documentation are available on project home page.

After 30 days trial period serial key is required.",Highsoft.Highcharts,False,2018-04-18T07:33:32.88+00:00,True,False,"Official Highsoft's library.

Examples, API and documentation are available on project home page.","chart,charts,charting,graph,graphs,plot,plots,diagram,diagrams,highcharts,highstock,visualisation,visualization,data-visualisation,data-visualization,line-chart,3d-chart,finance,web-forms,mvc",44260,False,6.0.6621.23922
VintaSoft Ltd.,2017-12-15T12:26:18.347Z,7,126,".NET decoder and encoder for JPEG2000 images. VintaSoft JPEG2000 .NET Plug-in is the add-on for VintaSoft Imaging .NET SDK, which allows to decode and encode JPEG2000 images in .NET.",Vintasoft.Imaging.Jpeg2000Codec,False,2018-04-13T11:44:56.77+00:00,False,False,".NET decoder and encoder for JPEG2000 images. VintaSoft JPEG2000 .NET Plug-in is the add-on for VintaSoft Imaging .NET SDK, which allows to decode and encode JPEG2000 images in .NET.","Vintasoft,Imaging,.net,sdk,JPEG2000,image,decode,encode,PDF",3339,False,4.6.0.1
VintaSoft Ltd.,2017-10-20T12:34:40.557Z,7,182,".NET decoder and encoder for JPEG2000 images. VintaSoft JPEG2000 .NET Plug-in is the add-on for VintaSoft Imaging .NET SDK, which allows to decode and encode JPEG2000 images in .NET.",Vintasoft.Imaging.Jpeg2000Codec,False,2018-04-13T11:44:56.77+00:00,False,False,".NET decoder and encoder for JPEG2000 images. VintaSoft JPEG2000 .NET Plug-in is the add-on for VintaSoft Imaging .NET SDK, which allows to decode and encode JPEG2000 images in .NET.","Vintasoft,Imaging,.net,sdk,JPEG2000,image,decode,encode,PDF",3339,False,4.5.14.1
VintaSoft Ltd.,2017-02-10T14:48:28.747Z,7,434,Capture images from DirectShow camera in .NET.,Vintasoft.Imaging.Media,False,2018-04-13T11:45:13.927+00:00,False,False,Capture images from DirectShow camera in .NET.,"Vintasoft,Imaging,.net,sdk,library,capture,image,DirectShow,device,camera,vb.net,c#",3187,False,2.4.15.1
VintaSoft Ltd.,2017-05-29T07:55:27.247Z,7,326,Capture images from DirectShow camera in .NET.,Vintasoft.Imaging.Media,False,2018-04-13T11:45:13.927+00:00,False,False,Capture images from DirectShow camera in .NET.,"Vintasoft,Imaging,.net,sdk,library,capture,image,DirectShow,device,camera,vb.net,c#",3187,False,2.5.3.2
VintaSoft Ltd.,2018-01-25T09:07:12.287Z,7,85,".NET decoder and encoder for JPEG2000 images. VintaSoft JPEG2000 .NET Plug-in is the add-on for VintaSoft Imaging .NET SDK, which allows to decode and encode JPEG2000 images in .NET.",Vintasoft.Imaging.Jpeg2000Codec,False,2018-04-13T11:44:56.77+00:00,False,False,".NET decoder and encoder for JPEG2000 images. VintaSoft JPEG2000 .NET Plug-in is the add-on for VintaSoft Imaging .NET SDK, which allows to decode and encode JPEG2000 images in .NET.","Vintasoft,Imaging,.net,sdk,JPEG2000,image,decode,encode,PDF",3339,False,4.6.3.1
VintaSoft Ltd.,2017-12-27T12:24:31.813Z,7,114,".NET decoder and encoder for JPEG2000 images. VintaSoft JPEG2000 .NET Plug-in is the add-on for VintaSoft Imaging .NET SDK, which allows to decode and encode JPEG2000 images in .NET.",Vintasoft.Imaging.Jpeg2000Codec,False,2018-04-13T11:44:56.77+00:00,False,False,".NET decoder and encoder for JPEG2000 images. VintaSoft JPEG2000 .NET Plug-in is the add-on for VintaSoft Imaging .NET SDK, which allows to decode and encode JPEG2000 images in .NET.","Vintasoft,Imaging,.net,sdk,JPEG2000,image,decode,encode,PDF",3339,False,4.6.1.1
VintaSoft Ltd.,2017-01-12T10:17:09.63Z,7,463,Capture images from DirectShow camera in .NET.,Vintasoft.Imaging.Media,False,2018-04-13T11:45:13.927+00:00,False,False,Capture images from DirectShow camera in .NET.,"Vintasoft,Imaging,.net,sdk,library,capture,image,DirectShow,device,camera,vb.net,c#",3187,False,2.4.11.1
VintaSoft Ltd.,2017-12-01T09:42:13.817Z,7,140,".NET decoder and encoder for JPEG2000 images. VintaSoft JPEG2000 .NET Plug-in is the add-on for VintaSoft Imaging .NET SDK, which allows to decode and encode JPEG2000 images in .NET.",Vintasoft.Imaging.Jpeg2000Codec,False,2018-04-13T11:44:56.77+00:00,False,False,".NET decoder and encoder for JPEG2000 images. VintaSoft JPEG2000 .NET Plug-in is the add-on for VintaSoft Imaging .NET SDK, which allows to decode and encode JPEG2000 images in .NET.","Vintasoft,Imaging,.net,sdk,JPEG2000,image,decode,encode,PDF",3339,False,4.5.17.1
VintaSoft Ltd.,2017-10-06T13:30:51.957Z,7,196,".NET decoder and encoder for JPEG2000 images. VintaSoft JPEG2000 .NET Plug-in is the add-on for VintaSoft Imaging .NET SDK, which allows to decode and encode JPEG2000 images in .NET.",Vintasoft.Imaging.Jpeg2000Codec,False,2018-04-13T11:44:56.77+00:00,False,False,".NET decoder and encoder for JPEG2000 images. VintaSoft JPEG2000 .NET Plug-in is the add-on for VintaSoft Imaging .NET SDK, which allows to decode and encode JPEG2000 images in .NET.","Vintasoft,Imaging,.net,sdk,JPEG2000,image,decode,encode,PDF",3339,False,4.5.13.1
VintaSoft Ltd.,2017-05-05T11:40:12.41Z,7,350,Capture images from DirectShow camera in .NET.,Vintasoft.Imaging.Media,False,2018-04-13T11:45:13.927+00:00,False,False,Capture images from DirectShow camera in .NET.,"Vintasoft,Imaging,.net,sdk,library,capture,image,DirectShow,device,camera,vb.net,c#",3187,False,2.5.1.1
VintaSoft Ltd.,2017-01-27T08:01:45.473Z,7,448,Capture images from DirectShow camera in .NET.,Vintasoft.Imaging.Media,False,2018-04-13T11:45:13.927+00:00,False,False,Capture images from DirectShow camera in .NET.,"Vintasoft,Imaging,.net,sdk,library,capture,image,DirectShow,device,camera,vb.net,c#",3187,False,2.4.13.1
VintaSoft Ltd.,2017-03-03T08:33:49.377Z,7,413,Capture images from DirectShow camera in .NET.,Vintasoft.Imaging.Media,False,2018-04-13T11:45:13.927+00:00,False,False,Capture images from DirectShow camera in .NET.,"Vintasoft,Imaging,.net,sdk,library,capture,image,DirectShow,device,camera,vb.net,c#",3187,False,2.4.17.1
VintaSoft Ltd.,2017-11-08T14:35:56.95Z,7,163,".NET decoder and encoder for JPEG2000 images. VintaSoft JPEG2000 .NET Plug-in is the add-on for VintaSoft Imaging .NET SDK, which allows to decode and encode JPEG2000 images in .NET.",Vintasoft.Imaging.Jpeg2000Codec,False,2018-04-13T11:44:56.77+00:00,False,False,".NET decoder and encoder for JPEG2000 images. VintaSoft JPEG2000 .NET Plug-in is the add-on for VintaSoft Imaging .NET SDK, which allows to decode and encode JPEG2000 images in .NET.","Vintasoft,Imaging,.net,sdk,JPEG2000,image,decode,encode,PDF",3339,False,4.5.15.1
Highsoft,2018-02-16T18:17:58.527Z,2,63,"Highcharts .NET allows developers to make charts using Highcharts API with the Microsoft .NET Framework (ASP.NET MVC 4+).

Official Highsoft's library.

Examples, API and documentation are available on project home page.

After 30 days trial period serial key is required.",Highsoft.Highstock,False,2018-04-18T07:33:52.863+00:00,True,False,"Official Highsoft's library.

Examples, API and documentation are available on project home page.","chart,charts,charting,graph,graphs,plot,plots,diagram,diagrams,highcharts,highstock,visualisation,visualization,data-visualisation,data-visualization,line-chart,3d-chart,finance,web-forms,mvc",37516,False,6.0.6621.24185
VintaSoft Ltd.,2017-01-20T08:50:04.14Z,7,455,Capture images from DirectShow camera in .NET.,Vintasoft.Imaging.Media,False,2018-04-13T11:45:13.927+00:00,False,False,Capture images from DirectShow camera in .NET.,"Vintasoft,Imaging,.net,sdk,library,capture,image,DirectShow,device,camera,vb.net,c#",3187,False,2.4.12.1
"Bruno Lowagie,Paulo Soares,et al.",2016-03-17T11:08:11.16Z,79,764,"This tool parses (X)HTML snippets and the associated CSS and converts them to PDF.

XMLWorker is an extra component for iText®. The first XML to PDF implementation, is a new version of the old HTMLWorker that used to be shipped with iText.",itextsharp.xmlworker,False,2018-01-31T08:42:21.3+00:00,True,False,This tool parses (X)HTML snippets and the associated CSS and converts them to PDF.,"itext,itextsharp,c#,csharp,xml,worker,pdf,html,xhtml,css",671882,False,5.5.9
VintaSoft Ltd.,2017-11-17T12:44:43.133Z,7,154,".NET decoder and encoder for JPEG2000 images. VintaSoft JPEG2000 .NET Plug-in is the add-on for VintaSoft Imaging .NET SDK, which allows to decode and encode JPEG2000 images in .NET.",Vintasoft.Imaging.Jpeg2000Codec,False,2018-04-13T11:44:56.77+00:00,False,False,".NET decoder and encoder for JPEG2000 images. VintaSoft JPEG2000 .NET Plug-in is the add-on for VintaSoft Imaging .NET SDK, which allows to decode and encode JPEG2000 images in .NET.","Vintasoft,Imaging,.net,sdk,JPEG2000,image,decode,encode,PDF",3339,False,4.5.16.1
VintaSoft Ltd.,2017-10-02T12:32:32.557Z,7,200,".NET decoder and encoder for JPEG2000 images. VintaSoft JPEG2000 .NET Plug-in is the add-on for VintaSoft Imaging .NET SDK, which allows to decode and encode JPEG2000 images in .NET.",Vintasoft.Imaging.Jpeg2000Codec,False,2018-04-13T11:44:56.77+00:00,False,False,".NET decoder and encoder for JPEG2000 images. VintaSoft JPEG2000 .NET Plug-in is the add-on for VintaSoft Imaging .NET SDK, which allows to decode and encode JPEG2000 images in .NET.","Vintasoft,Imaging,.net,sdk,JPEG2000,image,decode,encode,PDF",3339,False,4.5.12.1
VintaSoft Ltd.,2017-06-21T12:57:43.223Z,7,303,".NET decoder and encoder for JPEG2000 images. VintaSoft JPEG2000 .NET Plug-in is the add-on for VintaSoft Imaging .NET SDK, which allows to decode and encode JPEG2000 images in .NET.",Vintasoft.Imaging.Jpeg2000Codec,False,2018-04-13T11:44:56.77+00:00,False,False,".NET decoder and encoder for JPEG2000 images. VintaSoft JPEG2000 .NET Plug-in is the add-on for VintaSoft Imaging .NET SDK, which allows to decode and encode JPEG2000 images in .NET.","Vintasoft,Imaging,.net,sdk,JPEG2000,image,decode,encode,PDF",3339,False,4.5.4.1
VintaSoft Ltd.,2017-05-05T11:39:52.66Z,7,350,".NET decoder and encoder for JPEG2000 images. VintaSoft JPEG2000 .NET Plug-in is the add-on for VintaSoft Imaging .NET SDK, which allows to decode and encode JPEG2000 images in .NET.",Vintasoft.Imaging.Jpeg2000Codec,False,2018-04-13T11:44:56.77+00:00,False,False,".NET decoder and encoder for JPEG2000 images. VintaSoft JPEG2000 .NET Plug-in is the add-on for VintaSoft Imaging .NET SDK, which allows to decode and encode JPEG2000 images in .NET.","Vintasoft,Imaging,.net,sdk,JPEG2000,image,decode,encode,PDF",3339,False,4.5.1.1
VintaSoft Ltd.,2017-08-03T11:48:33.313Z,7,260,".NET decoder and encoder for JPEG2000 images. VintaSoft JPEG2000 .NET Plug-in is the add-on for VintaSoft Imaging .NET SDK, which allows to decode and encode JPEG2000 images in .NET.",Vintasoft.Imaging.Jpeg2000Codec,False,2018-04-13T11:44:56.77+00:00,False,False,".NET decoder and encoder for JPEG2000 images. VintaSoft JPEG2000 .NET Plug-in is the add-on for VintaSoft Imaging .NET SDK, which allows to decode and encode JPEG2000 images in .NET.","Vintasoft,Imaging,.net,sdk,JPEG2000,image,decode,encode,PDF",3339,False,4.5.7.1
VintaSoft Ltd.,2017-08-16T12:42:10.28Z,7,247,".NET decoder and encoder for JPEG2000 images. VintaSoft JPEG2000 .NET Plug-in is the add-on for VintaSoft Imaging .NET SDK, which allows to decode and encode JPEG2000 images in .NET.",Vintasoft.Imaging.Jpeg2000Codec,False,2018-04-13T11:44:56.77+00:00,False,False,".NET decoder and encoder for JPEG2000 images. VintaSoft JPEG2000 .NET Plug-in is the add-on for VintaSoft Imaging .NET SDK, which allows to decode and encode JPEG2000 images in .NET.","Vintasoft,Imaging,.net,sdk,JPEG2000,image,decode,encode,PDF",3339,False,4.5.8.1
VintaSoft Ltd.,2017-07-06T18:30:22.233Z,7,288,".NET decoder and encoder for JPEG2000 images. VintaSoft JPEG2000 .NET Plug-in is the add-on for VintaSoft Imaging .NET SDK, which allows to decode and encode JPEG2000 images in .NET.",Vintasoft.Imaging.Jpeg2000Codec,False,2018-04-13T11:44:56.77+00:00,False,False,".NET decoder and encoder for JPEG2000 images. VintaSoft JPEG2000 .NET Plug-in is the add-on for VintaSoft Imaging .NET SDK, which allows to decode and encode JPEG2000 images in .NET.","Vintasoft,Imaging,.net,sdk,JPEG2000,image,decode,encode,PDF",3339,False,4.5.5.1
VintaSoft Ltd.,2017-02-10T14:48:02.95Z,7,434,".NET decoder and encoder for JPEG2000 images. VintaSoft JPEG2000 .NET Plug-in is the add-on for VintaSoft Imaging .NET SDK, which allows to decode and encode JPEG2000 images in .NET.",Vintasoft.Imaging.Jpeg2000Codec,False,2018-04-13T11:44:56.77+00:00,False,False,".NET decoder and encoder for JPEG2000 images. VintaSoft JPEG2000 .NET Plug-in is the add-on for VintaSoft Imaging .NET SDK, which allows to decode and encode JPEG2000 images in .NET.","Vintasoft,Imaging,.net,sdk,JPEG2000,image,decode,encode,PDF",3339,False,4.4.15.1
VintaSoft Ltd.,2017-09-19T13:01:01.24Z,7,213,".NET decoder and encoder for JPEG2000 images. VintaSoft JPEG2000 .NET Plug-in is the add-on for VintaSoft Imaging .NET SDK, which allows to decode and encode JPEG2000 images in .NET.",Vintasoft.Imaging.Jpeg2000Codec,False,2018-04-13T11:44:56.77+00:00,False,False,".NET decoder and encoder for JPEG2000 images. VintaSoft JPEG2000 .NET Plug-in is the add-on for VintaSoft Imaging .NET SDK, which allows to decode and encode JPEG2000 images in .NET.","Vintasoft,Imaging,.net,sdk,JPEG2000,image,decode,encode,PDF",3339,False,4.5.11.1
"Bruno Lowagie,Paulo Soares,et al.",2015-05-07T15:11:22.607Z,79,1079,"This tool parses (X)HTML snippets and the associated CSS and converts them to PDF.

XMLWorker is an extra component for iText®. The first XML to PDF implementation, is a new version of the old HTMLWorker that used to be shipped with iText.",itextsharp.xmlworker,False,2018-01-31T08:42:21.3+00:00,True,False,This tool parses (X)HTML snippets and the associated CSS and converts them to PDF.,"itext,itextsharp,c#,csharp,xml,worker,pdf,html,xhtml,css",671882,False,5.5.6
VintaSoft Ltd.,2017-01-12T10:03:01.96Z,7,463,".NET decoder and encoder for JPEG2000 images. VintaSoft JPEG2000 .NET Plug-in is the add-on for VintaSoft Imaging .NET SDK, which allows to decode and encode JPEG2000 images in .NET.",Vintasoft.Imaging.Jpeg2000Codec,False,2018-04-13T11:44:56.77+00:00,False,False,".NET decoder and encoder for JPEG2000 images. VintaSoft JPEG2000 .NET Plug-in is the add-on for VintaSoft Imaging .NET SDK, which allows to decode and encode JPEG2000 images in .NET.","Vintasoft,Imaging,.net,sdk,JPEG2000,image,decode,encode,PDF",3339,False,4.4.11.1
VintaSoft Ltd.,2017-03-03T08:33:31.217Z,7,413,".NET decoder and encoder for JPEG2000 images. VintaSoft JPEG2000 .NET Plug-in is the add-on for VintaSoft Imaging .NET SDK, which allows to decode and encode JPEG2000 images in .NET.",Vintasoft.Imaging.Jpeg2000Codec,False,2018-04-13T11:44:56.77+00:00,False,False,".NET decoder and encoder for JPEG2000 images. VintaSoft JPEG2000 .NET Plug-in is the add-on for VintaSoft Imaging .NET SDK, which allows to decode and encode JPEG2000 images in .NET.","Vintasoft,Imaging,.net,sdk,JPEG2000,image,decode,encode,PDF",3339,False,4.4.17.1
VintaSoft Ltd.,2017-01-27T08:01:26.537Z,7,448,".NET decoder and encoder for JPEG2000 images. VintaSoft JPEG2000 .NET Plug-in is the add-on for VintaSoft Imaging .NET SDK, which allows to decode and encode JPEG2000 images in .NET.",Vintasoft.Imaging.Jpeg2000Codec,False,2018-04-13T11:44:56.77+00:00,False,False,".NET decoder and encoder for JPEG2000 images. VintaSoft JPEG2000 .NET Plug-in is the add-on for VintaSoft Imaging .NET SDK, which allows to decode and encode JPEG2000 images in .NET.","Vintasoft,Imaging,.net,sdk,JPEG2000,image,decode,encode,PDF",3339,False,4.4.13.1
Bitprim,2018-02-16T18:17:03.273Z,3,63,C# binding for Bitprim Bitcoin platform,bitprim,False,2018-04-17T20:12:32.993+00:00,True,False,,"Bitcoin,C#,Litecoin,Cash",14565,False,0.2.173
"Bruno Lowagie,Paulo Soares,et al.",2015-11-30T20:38:51.233Z,79,872,"This tool parses (X)HTML snippets and the associated CSS and converts them to PDF.

XMLWorker is an extra component for iText®. The first XML to PDF implementation, is a new version of the old HTMLWorker that used to be shipped with iText.",itextsharp.xmlworker,False,2018-01-31T08:42:21.3+00:00,True,False,This tool parses (X)HTML snippets and the associated CSS and converts them to PDF.,"itext,itextsharp,c#,csharp,xml,worker,pdf,html,xhtml,css",671882,False,5.5.8
VintaSoft Ltd.,2017-09-08T12:16:27.49Z,7,224,".NET decoder and encoder for JPEG2000 images. VintaSoft JPEG2000 .NET Plug-in is the add-on for VintaSoft Imaging .NET SDK, which allows to decode and encode JPEG2000 images in .NET.",Vintasoft.Imaging.Jpeg2000Codec,False,2018-04-13T11:44:56.77+00:00,False,False,".NET decoder and encoder for JPEG2000 images. VintaSoft JPEG2000 .NET Plug-in is the add-on for VintaSoft Imaging .NET SDK, which allows to decode and encode JPEG2000 images in .NET.","Vintasoft,Imaging,.net,sdk,JPEG2000,image,decode,encode,PDF",3339,False,4.5.10.1
VintaSoft Ltd.,2016-12-20T06:52:03.18Z,7,486,".NET decoder and encoder for JPEG2000 images. VintaSoft JPEG2000 .NET Plug-in is the add-on for VintaSoft Imaging .NET SDK, which allows to decode and encode JPEG2000 images in .NET.",Vintasoft.Imaging.Jpeg2000Codec,False,2018-04-13T11:44:56.77+00:00,False,False,".NET decoder and encoder for JPEG2000 images. VintaSoft JPEG2000 .NET Plug-in is the add-on for VintaSoft Imaging .NET SDK, which allows to decode and encode JPEG2000 images in .NET.","Vintasoft,Imaging,.net,sdk,JPEG2000,image,decode,encode,PDF",3339,False,4.4.9.1
VintaSoft Ltd.,2017-05-29T07:54:32.147Z,7,326,".NET decoder and encoder for JPEG2000 images. VintaSoft JPEG2000 .NET Plug-in is the add-on for VintaSoft Imaging .NET SDK, which allows to decode and encode JPEG2000 images in .NET.",Vintasoft.Imaging.Jpeg2000Codec,False,2018-04-13T11:44:56.77+00:00,False,False,".NET decoder and encoder for JPEG2000 images. VintaSoft JPEG2000 .NET Plug-in is the add-on for VintaSoft Imaging .NET SDK, which allows to decode and encode JPEG2000 images in .NET.","Vintasoft,Imaging,.net,sdk,JPEG2000,image,decode,encode,PDF",3339,False,4.5.3.2
VintaSoft Ltd.,2017-07-20T11:42:06.707Z,7,274,".NET decoder and encoder for JPEG2000 images. VintaSoft JPEG2000 .NET Plug-in is the add-on for VintaSoft Imaging .NET SDK, which allows to decode and encode JPEG2000 images in .NET.",Vintasoft.Imaging.Jpeg2000Codec,False,2018-04-13T11:44:56.77+00:00,False,False,".NET decoder and encoder for JPEG2000 images. VintaSoft JPEG2000 .NET Plug-in is the add-on for VintaSoft Imaging .NET SDK, which allows to decode and encode JPEG2000 images in .NET.","Vintasoft,Imaging,.net,sdk,JPEG2000,image,decode,encode,PDF",3339,False,4.5.6.1
Geeks Ltd,2018-02-16T18:17:52.197Z,1,63,Olive Framework,Olive.Mvc,False,2018-04-19T14:51:28.91+00:00,True,False,,,5867,False,1.0.67
ZeegZag.Data,2018-02-16T18:18:19.417Z,63,63,Package Description,ZeegZag.Data,False,2018-02-16T18:18:19.417+00:00,True,False,,,595,False,1.19.0
VintaSoft Ltd.,2017-01-20T08:49:13.747Z,7,455,".NET decoder and encoder for JPEG2000 images. VintaSoft JPEG2000 .NET Plug-in is the add-on for VintaSoft Imaging .NET SDK, which allows to decode and encode JPEG2000 images in .NET.",Vintasoft.Imaging.Jpeg2000Codec,False,2018-04-13T11:44:56.77+00:00,False,False,".NET decoder and encoder for JPEG2000 images. VintaSoft JPEG2000 .NET Plug-in is the add-on for VintaSoft Imaging .NET SDK, which allows to decode and encode JPEG2000 images in .NET.","Vintasoft,Imaging,.net,sdk,JPEG2000,image,decode,encode,PDF",3339,False,4.4.12.1
Csányi István,2018-02-16T18:11:56.63Z,27,63,A lightweight .Net network library,Amion.Network,False,2018-03-24T22:07:57.763+00:00,True,False,,,457,False,1.0.1
Oleg Kiriljuk,2018-02-16T18:16:16.397Z,18,63,"free jqGrid is the fork of jqGrid, based on v4.7, further development under MIT/GPL-licences",free-jqGrid,False,2018-04-02T20:05:58.31+00:00,True,False,MIT/GPL-licences,"jQuery,jqGrid,plugins,jQueryUI,fontawesome",14636,False,4.15.3
Bitprim,2018-02-16T18:17:03.273Z,3,63,C# binding for Bitprim Bitcoin platform,bitprim,False,2018-04-17T20:12:32.993+00:00,True,False,,"Bitcoin,C#,Litecoin,Cash",14565,False,0.2.173
ZeegZag.Data,2018-02-16T18:18:19.417Z,63,63,Package Description,ZeegZag.Data,False,2018-02-16T18:18:19.417+00:00,True,False,,,595,False,1.19.0
Albert Zakiev,2018-02-16T18:07:19.93Z,31,63,ASP.NET Core middleware that enables an application to support Vkontakte OAuth 2.0 authentication workflow.,Brik.Security.VkontakteMiddleware,False,2018-03-20T19:14:47.83+00:00,True,False,,"aspnetcore,authentication,security,vk,vkontakte",1220,False,2.0.1
Highsoft,2018-02-16T18:17:39.87Z,2,63,"Highcharts .NET allows developers to make charts using Highcharts API with the Microsoft .NET Framework (ASP.NET MVC 4+).

Official Highsoft's library.

Examples, API and documentation are available on project home page.

After 30 days trial period serial key is required.",Highsoft.Highcharts,False,2018-04-18T07:33:32.88+00:00,True,False,"Official Highsoft's library.

Examples, API and documentation are available on project home page.","chart,charts,charting,graph,graphs,plot,plots,diagram,diagrams,highcharts,highstock,visualisation,visualization,data-visualisation,data-visualization,line-chart,3d-chart,finance,web-forms,mvc",44260,False,6.0.6621.23922
Geeks Ltd,2018-02-16T18:17:52.197Z,1,63,Olive Framework,Olive.Mvc,False,2018-04-19T14:51:28.91+00:00,True,False,,,5867,False,1.0.67
Dennis Marck (DemaWare),2018-02-16T18:13:58.2Z,18,63,General web library for projects of DemaWare,DemaWare.General.Web,False,2018-04-02T10:42:14.627+00:00,True,False,,,681,False,1.0.4
Marsman,2018-02-16T18:14:46.28Z,63,63,Tools innum,Marsman.Toolkit,False,2018-02-16T18:14:46.28+00:00,True,False,,,906,False,2.0.0
Quamotion,2018-02-16T18:13:30.76Z,62,63,"Helm contains a .NET client which you can use to interact with Helm, the package manager for Kubernetes. It contains an client-side implementation of HAPI, the gRPC-based Helm API",Helm,False,2018-02-17T23:32:34.183+00:00,True,False,,"helm,kubernetes,grpc,protobuf",437,False,0.1.20
"Ross McKinlay,Colin Bull",2018-02-16T18:14:12.077Z,4,63,Type providers for SQL database access.,SQLProvider,False,2018-04-16T19:20:53.603+00:00,True,False,Type providers for SQL database access.,"F#,fsharp,typeprovider,sql,sqlserver",47465,False,1.1.35
"Christian Junk,NHibernate.org",2018-02-16T18:15:41.08Z,43209,63,The Jet driver and dialect for NHibernate.,Geomatics.IO.NHibernate.JetDriver,True,1900-01-01T00:00:00+00:00,False,False,,"NHibernate,jet,driver,csharp,csharp-library,dotnet",285,False,4.1.1.4000-b9
Highsoft,2018-02-16T18:17:58.527Z,2,63,"Highcharts .NET allows developers to make charts using Highcharts API with the Microsoft .NET Framework (ASP.NET MVC 4+).

Official Highsoft's library.

Examples, API and documentation are available on project home page.

After 30 days trial period serial key is required.",Highsoft.Highstock,False,2018-04-18T07:33:52.863+00:00,True,False,"Official Highsoft's library.

Examples, API and documentation are available on project home page.","chart,charts,charting,graph,graphs,plot,plots,diagram,diagrams,highcharts,highstock,visualisation,visualization,data-visualisation,data-visualization,line-chart,3d-chart,finance,web-forms,mvc",37516,False,6.0.6621.24185
VintaSoft Ltd.,2018-01-25T09:06:55.44Z,7,85,".NET decoder and encoder for JBIG2 images. VintaSoft JBIG2 .NET Plug-in is the add-on for VintaSoft Imaging .NET SDK, which allows to decode and encode JBIG2 images in .NET.",Vintasoft.Imaging.Jbig2Codec,False,2018-04-13T11:44:30.72+00:00,False,False,".NET decoder and encoder for JBIG2 images. VintaSoft JBIG2 .NET Plug-in is the add-on for VintaSoft Imaging .NET SDK, which allows to decode and encode JBIG2 images in .NET.","Vintasoft,Imaging,.net,sdk,JBIG2,image,decode,encode,PDF",3289,False,5.6.3.1
Oleg Kiriljuk,2018-02-16T18:16:16.397Z,18,63,"free jqGrid is the fork of jqGrid, based on v4.7, further development under MIT/GPL-licences",free-jqGrid,False,2018-04-02T20:05:58.31+00:00,True,False,MIT/GPL-licences,"jQuery,jqGrid,plugins,jQueryUI,fontawesome",14636,False,4.15.3
VintaSoft Ltd.,2017-12-01T09:41:57.397Z,7,140,".NET decoder and encoder for JBIG2 images. VintaSoft JBIG2 .NET Plug-in is the add-on for VintaSoft Imaging .NET SDK, which allows to decode and encode JBIG2 images in .NET.",Vintasoft.Imaging.Jbig2Codec,False,2018-04-13T11:44:30.72+00:00,False,False,".NET decoder and encoder for JBIG2 images. VintaSoft JBIG2 .NET Plug-in is the add-on for VintaSoft Imaging .NET SDK, which allows to decode and encode JBIG2 images in .NET.","Vintasoft,Imaging,.net,sdk,JBIG2,image,decode,encode,PDF",3289,False,5.5.17.1
VintaSoft Ltd.,2018-01-12T13:30:17.31Z,7,98,".NET decoder and encoder for JBIG2 images. VintaSoft JBIG2 .NET Plug-in is the add-on for VintaSoft Imaging .NET SDK, which allows to decode and encode JBIG2 images in .NET.",Vintasoft.Imaging.Jbig2Codec,False,2018-04-13T11:44:30.72+00:00,False,False,".NET decoder and encoder for JBIG2 images. VintaSoft JBIG2 .NET Plug-in is the add-on for VintaSoft Imaging .NET SDK, which allows to decode and encode JBIG2 images in .NET.","Vintasoft,Imaging,.net,sdk,JBIG2,image,decode,encode,PDF",3289,False,5.6.2.1
VintaSoft Ltd.,2017-12-27T12:24:15.75Z,7,114,".NET decoder and encoder for JBIG2 images. VintaSoft JBIG2 .NET Plug-in is the add-on for VintaSoft Imaging .NET SDK, which allows to decode and encode JBIG2 images in .NET.",Vintasoft.Imaging.Jbig2Codec,False,2018-04-13T11:44:30.72+00:00,False,False,".NET decoder and encoder for JBIG2 images. VintaSoft JBIG2 .NET Plug-in is the add-on for VintaSoft Imaging .NET SDK, which allows to decode and encode JBIG2 images in .NET.","Vintasoft,Imaging,.net,sdk,JBIG2,image,decode,encode,PDF",3289,False,5.6.1.1
VintaSoft Ltd.,2017-12-15T12:26:01.627Z,7,126,".NET decoder and encoder for JBIG2 images. VintaSoft JBIG2 .NET Plug-in is the add-on for VintaSoft Imaging .NET SDK, which allows to decode and encode JBIG2 images in .NET.",Vintasoft.Imaging.Jbig2Codec,False,2018-04-13T11:44:30.72+00:00,False,False,".NET decoder and encoder for JBIG2 images. VintaSoft JBIG2 .NET Plug-in is the add-on for VintaSoft Imaging .NET SDK, which allows to decode and encode JBIG2 images in .NET.","Vintasoft,Imaging,.net,sdk,JBIG2,image,decode,encode,PDF",3289,False,5.6.0.1
"Bruno Lowagie,Paulo Soares,et al.",2015-02-16T12:31:56.583Z,79,1159,"This tool parses (X)HTML snippets and the associated CSS and converts them to PDF.

XMLWorker is an extra component for iText®. The first XML to PDF implementation, is a new version of the old HTMLWorker that used to be shipped with iText.",itextsharp.xmlworker,False,2018-01-31T08:42:21.3+00:00,True,False,This tool parses (X)HTML snippets and the associated CSS and converts them to PDF.,"itext,itextsharp,c#,csharp,xml,worker,pdf,html,xhtml,css",671882,False,5.5.5
VintaSoft Ltd.,2017-11-17T12:44:24.78Z,7,154,".NET decoder and encoder for JBIG2 images. VintaSoft JBIG2 .NET Plug-in is the add-on for VintaSoft Imaging .NET SDK, which allows to decode and encode JBIG2 images in .NET.",Vintasoft.Imaging.Jbig2Codec,False,2018-04-13T11:44:30.72+00:00,False,False,".NET decoder and encoder for JBIG2 images. VintaSoft JBIG2 .NET Plug-in is the add-on for VintaSoft Imaging .NET SDK, which allows to decode and encode JBIG2 images in .NET.","Vintasoft,Imaging,.net,sdk,JBIG2,image,decode,encode,PDF",3289,False,5.5.16.1
VintaSoft Ltd.,2017-11-08T14:35:36.343Z,7,163,".NET decoder and encoder for JBIG2 images. VintaSoft JBIG2 .NET Plug-in is the add-on for VintaSoft Imaging .NET SDK, which allows to decode and encode JBIG2 images in .NET.",Vintasoft.Imaging.Jbig2Codec,False,2018-04-13T11:44:30.72+00:00,False,False,".NET decoder and encoder for JBIG2 images. VintaSoft JBIG2 .NET Plug-in is the add-on for VintaSoft Imaging .NET SDK, which allows to decode and encode JBIG2 images in .NET.","Vintasoft,Imaging,.net,sdk,JBIG2,image,decode,encode,PDF",3289,False,5.5.15.1
VintaSoft Ltd.,2017-10-20T12:34:25.743Z,7,182,".NET decoder and encoder for JBIG2 images. VintaSoft JBIG2 .NET Plug-in is the add-on for VintaSoft Imaging .NET SDK, which allows to decode and encode JBIG2 images in .NET.",Vintasoft.Imaging.Jbig2Codec,False,2018-04-13T11:44:30.72+00:00,False,False,".NET decoder and encoder for JBIG2 images. VintaSoft JBIG2 .NET Plug-in is the add-on for VintaSoft Imaging .NET SDK, which allows to decode and encode JBIG2 images in .NET.","Vintasoft,Imaging,.net,sdk,JBIG2,image,decode,encode,PDF",3289,False,5.5.14.1
VintaSoft Ltd.,2017-10-06T13:30:35.443Z,7,196,".NET decoder and encoder for JBIG2 images. VintaSoft JBIG2 .NET Plug-in is the add-on for VintaSoft Imaging .NET SDK, which allows to decode and encode JBIG2 images in .NET.",Vintasoft.Imaging.Jbig2Codec,False,2018-04-13T11:44:30.72+00:00,False,False,".NET decoder and encoder for JBIG2 images. VintaSoft JBIG2 .NET Plug-in is the add-on for VintaSoft Imaging .NET SDK, which allows to decode and encode JBIG2 images in .NET.","Vintasoft,Imaging,.net,sdk,JBIG2,image,decode,encode,PDF",3289,False,5.5.13.1
VintaSoft Ltd.,2017-10-02T12:32:09.76Z,7,200,".NET decoder and encoder for JBIG2 images. VintaSoft JBIG2 .NET Plug-in is the add-on for VintaSoft Imaging .NET SDK, which allows to decode and encode JBIG2 images in .NET.",Vintasoft.Imaging.Jbig2Codec,False,2018-04-13T11:44:30.72+00:00,False,False,".NET decoder and encoder for JBIG2 images. VintaSoft JBIG2 .NET Plug-in is the add-on for VintaSoft Imaging .NET SDK, which allows to decode and encode JBIG2 images in .NET.","Vintasoft,Imaging,.net,sdk,JBIG2,image,decode,encode,PDF",3289,False,5.5.12.1
VintaSoft Ltd.,2017-09-19T13:00:45.02Z,7,213,".NET decoder and encoder for JBIG2 images. VintaSoft JBIG2 .NET Plug-in is the add-on for VintaSoft Imaging .NET SDK, which allows to decode and encode JBIG2 images in .NET.",Vintasoft.Imaging.Jbig2Codec,False,2018-04-13T11:44:30.72+00:00,False,False,".NET decoder and encoder for JBIG2 images. VintaSoft JBIG2 .NET Plug-in is the add-on for VintaSoft Imaging .NET SDK, which allows to decode and encode JBIG2 images in .NET.","Vintasoft,Imaging,.net,sdk,JBIG2,image,decode,encode,PDF",3289,False,5.5.11.1
VintaSoft Ltd.,2017-09-08T12:16:13.49Z,7,224,".NET decoder and encoder for JBIG2 images. VintaSoft JBIG2 .NET Plug-in is the add-on for VintaSoft Imaging .NET SDK, which allows to decode and encode JBIG2 images in .NET.",Vintasoft.Imaging.Jbig2Codec,False,2018-04-13T11:44:30.72+00:00,False,False,".NET decoder and encoder for JBIG2 images. VintaSoft JBIG2 .NET Plug-in is the add-on for VintaSoft Imaging .NET SDK, which allows to decode and encode JBIG2 images in .NET.","Vintasoft,Imaging,.net,sdk,JBIG2,image,decode,encode,PDF",3289,False,5.5.10.1
"Christian Junk,NHibernate.org",2018-02-16T18:15:41.08Z,43209,63,The Jet driver and dialect for NHibernate.,Geomatics.IO.NHibernate.JetDriver,True,1900-01-01T00:00:00+00:00,False,False,,"NHibernate,jet,driver,csharp,csharp-library,dotnet",285,False,4.1.1.4000-b9
VintaSoft Ltd.,2017-08-16T12:41:55.97Z,7,247,".NET decoder and encoder for JBIG2 images. VintaSoft JBIG2 .NET Plug-in is the add-on for VintaSoft Imaging .NET SDK, which allows to decode and encode JBIG2 images in .NET.",Vintasoft.Imaging.Jbig2Codec,False,2018-04-13T11:44:30.72+00:00,False,False,".NET decoder and encoder for JBIG2 images. VintaSoft JBIG2 .NET Plug-in is the add-on for VintaSoft Imaging .NET SDK, which allows to decode and encode JBIG2 images in .NET.","Vintasoft,Imaging,.net,sdk,JBIG2,image,decode,encode,PDF",3289,False,5.5.8.1
VintaSoft Ltd.,2017-07-20T11:41:53.317Z,7,274,".NET decoder and encoder for JBIG2 images. VintaSoft JBIG2 .NET Plug-in is the add-on for VintaSoft Imaging .NET SDK, which allows to decode and encode JBIG2 images in .NET.",Vintasoft.Imaging.Jbig2Codec,False,2018-04-13T11:44:30.72+00:00,False,False,".NET decoder and encoder for JBIG2 images. VintaSoft JBIG2 .NET Plug-in is the add-on for VintaSoft Imaging .NET SDK, which allows to decode and encode JBIG2 images in .NET.","Vintasoft,Imaging,.net,sdk,JBIG2,image,decode,encode,PDF",3289,False,5.5.6.1
VintaSoft Ltd.,2017-08-03T11:48:10.36Z,7,260,".NET decoder and encoder for JBIG2 images. VintaSoft JBIG2 .NET Plug-in is the add-on for VintaSoft Imaging .NET SDK, which allows to decode and encode JBIG2 images in .NET.",Vintasoft.Imaging.Jbig2Codec,False,2018-04-13T11:44:30.72+00:00,False,False,".NET decoder and encoder for JBIG2 images. VintaSoft JBIG2 .NET Plug-in is the add-on for VintaSoft Imaging .NET SDK, which allows to decode and encode JBIG2 images in .NET.","Vintasoft,Imaging,.net,sdk,JBIG2,image,decode,encode,PDF",3289,False,5.5.7.1
VintaSoft Ltd.,2017-07-06T18:30:07.61Z,7,288,".NET decoder and encoder for JBIG2 images. VintaSoft JBIG2 .NET Plug-in is the add-on for VintaSoft Imaging .NET SDK, which allows to decode and encode JBIG2 images in .NET.",Vintasoft.Imaging.Jbig2Codec,False,2018-04-13T11:44:30.72+00:00,False,False,".NET decoder and encoder for JBIG2 images. VintaSoft JBIG2 .NET Plug-in is the add-on for VintaSoft Imaging .NET SDK, which allows to decode and encode JBIG2 images in .NET.","Vintasoft,Imaging,.net,sdk,JBIG2,image,decode,encode,PDF",3289,False,5.5.5.1
VintaSoft Ltd.,2017-05-29T07:53:34.077Z,7,326,".NET decoder and encoder for JBIG2 images. VintaSoft JBIG2 .NET Plug-in is the add-on for VintaSoft Imaging .NET SDK, which allows to decode and encode JBIG2 images in .NET.",Vintasoft.Imaging.Jbig2Codec,False,2018-04-13T11:44:30.72+00:00,False,False,".NET decoder and encoder for JBIG2 images. VintaSoft JBIG2 .NET Plug-in is the add-on for VintaSoft Imaging .NET SDK, which allows to decode and encode JBIG2 images in .NET.","Vintasoft,Imaging,.net,sdk,JBIG2,image,decode,encode,PDF",3289,False,5.5.3.2
VintaSoft Ltd.,2017-06-21T12:57:27.427Z,7,303,".NET decoder and encoder for JBIG2 images. VintaSoft JBIG2 .NET Plug-in is the add-on for VintaSoft Imaging .NET SDK, which allows to decode and encode JBIG2 images in .NET.",Vintasoft.Imaging.Jbig2Codec,False,2018-04-13T11:44:30.72+00:00,False,False,".NET decoder and encoder for JBIG2 images. VintaSoft JBIG2 .NET Plug-in is the add-on for VintaSoft Imaging .NET SDK, which allows to decode and encode JBIG2 images in .NET.","Vintasoft,Imaging,.net,sdk,JBIG2,image,decode,encode,PDF",3289,False,5.5.4.1
VintaSoft Ltd.,2017-05-05T11:39:25.377Z,7,350,".NET decoder and encoder for JBIG2 images. VintaSoft JBIG2 .NET Plug-in is the add-on for VintaSoft Imaging .NET SDK, which allows to decode and encode JBIG2 images in .NET.",Vintasoft.Imaging.Jbig2Codec,False,2018-04-13T11:44:30.72+00:00,False,False,".NET decoder and encoder for JBIG2 images. VintaSoft JBIG2 .NET Plug-in is the add-on for VintaSoft Imaging .NET SDK, which allows to decode and encode JBIG2 images in .NET.","Vintasoft,Imaging,.net,sdk,JBIG2,image,decode,encode,PDF",3289,False,5.5.1.1
"Bruno Lowagie,Paulo Soares,et al.",2014-09-25T05:52:42.957Z,79,1303,"Parses XML to PDF, with CSS support, using iTextSharp.",itextsharp.xmlworker,False,2018-01-31T08:42:21.3+00:00,True,False,"Parses XML to PDF, with CSS support, using iTextSharp.","itext,itextsharp,c#,csharp,xml,worker,pdf,html,xhtml,css",671882,False,5.5.3
VintaSoft Ltd.,2017-03-03T08:33:09.9Z,7,413,".NET decoder and encoder for JBIG2 images. VintaSoft JBIG2 .NET Plug-in is the add-on for VintaSoft Imaging .NET SDK, which allows to decode and encode JBIG2 images in .NET.",Vintasoft.Imaging.Jbig2Codec,False,2018-04-13T11:44:30.72+00:00,False,False,".NET decoder and encoder for JBIG2 images. VintaSoft JBIG2 .NET Plug-in is the add-on for VintaSoft Imaging .NET SDK, which allows to decode and encode JBIG2 images in .NET.","Vintasoft,Imaging,.net,sdk,JBIG2,image,decode,encode,PDF",3289,False,5.4.17.1
VintaSoft Ltd.,2017-02-10T14:47:29.277Z,7,434,".NET decoder and encoder for JBIG2 images. VintaSoft JBIG2 .NET Plug-in is the add-on for VintaSoft Imaging .NET SDK, which allows to decode and encode JBIG2 images in .NET.",Vintasoft.Imaging.Jbig2Codec,False,2018-04-13T11:44:30.72+00:00,False,False,".NET decoder and encoder for JBIG2 images. VintaSoft JBIG2 .NET Plug-in is the add-on for VintaSoft Imaging .NET SDK, which allows to decode and encode JBIG2 images in .NET.","Vintasoft,Imaging,.net,sdk,JBIG2,image,decode,encode,PDF",3289,False,5.4.15.1
VintaSoft Ltd.,2017-01-27T08:01:06.27Z,7,448,".NET decoder and encoder for JBIG2 images. VintaSoft JBIG2 .NET Plug-in is the add-on for VintaSoft Imaging .NET SDK, which allows to decode and encode JBIG2 images in .NET.",Vintasoft.Imaging.Jbig2Codec,False,2018-04-13T11:44:30.72+00:00,False,False,".NET decoder and encoder for JBIG2 images. VintaSoft JBIG2 .NET Plug-in is the add-on for VintaSoft Imaging .NET SDK, which allows to decode and encode JBIG2 images in .NET.","Vintasoft,Imaging,.net,sdk,JBIG2,image,decode,encode,PDF",3289,False,5.4.13.1
VintaSoft Ltd.,2017-01-20T08:48:51.09Z,7,455,".NET decoder and encoder for JBIG2 images. VintaSoft JBIG2 .NET Plug-in is the add-on for VintaSoft Imaging .NET SDK, which allows to decode and encode JBIG2 images in .NET.",Vintasoft.Imaging.Jbig2Codec,False,2018-04-13T11:44:30.72+00:00,False,False,".NET decoder and encoder for JBIG2 images. VintaSoft JBIG2 .NET Plug-in is the add-on for VintaSoft Imaging .NET SDK, which allows to decode and encode JBIG2 images in .NET.","Vintasoft,Imaging,.net,sdk,JBIG2,image,decode,encode,PDF",3289,False,5.4.12.1
Marsman,2018-02-16T18:14:46.28Z,63,63,Tools innum,Marsman.Toolkit,False,2018-02-16T18:14:46.28+00:00,True,False,,,906,False,2.0.0
VintaSoft Ltd.,2016-12-19T14:45:37.32Z,7,487,".NET decoder and encoder for JBIG2 images. VintaSoft JBIG2 .NET Plug-in is the add-on for VintaSoft Imaging .NET SDK, which allows to decode and encode JBIG2 images in .NET.",Vintasoft.Imaging.Jbig2Codec,False,2018-04-13T11:44:30.72+00:00,False,False,".NET decoder and encoder for JBIG2 images. VintaSoft JBIG2 .NET Plug-in is the add-on for VintaSoft Imaging .NET SDK, which allows to decode and encode JBIG2 images in .NET.","Vintasoft,Imaging,.net,sdk,JBIG2,image,decode,encode,PDF",3289,False,5.4.9.1
VintaSoft Ltd.,2017-01-12T10:02:36.49Z,7,463,".NET decoder and encoder for JBIG2 images. VintaSoft JBIG2 .NET Plug-in is the add-on for VintaSoft Imaging .NET SDK, which allows to decode and encode JBIG2 images in .NET.",Vintasoft.Imaging.Jbig2Codec,False,2018-04-13T11:44:30.72+00:00,False,False,".NET decoder and encoder for JBIG2 images. VintaSoft JBIG2 .NET Plug-in is the add-on for VintaSoft Imaging .NET SDK, which allows to decode and encode JBIG2 images in .NET.","Vintasoft,Imaging,.net,sdk,JBIG2,image,decode,encode,PDF",3289,False,5.4.11.1
VintaSoft Ltd.,2018-01-12T13:38:03.703Z,7,98,"Display and interact with recognized form fields (OMR, text, barcodes) on an image in WPF image viewer. Edit form field templates and interact with form field templates on an image in WPF image viewer. Define how form fields (OMR, text, barcodes) must be shown in WPF image viewer. Define how user can interact with form fields (OMR, text, barcodes) in WPF image viewer.",Vintasoft.Imaging.FormsProcessing.Wpf.UI,False,2018-04-13T11:54:40.04+00:00,False,False,"Display and interact with recognized form fields (OMR, text, barcodes) on an image in WPF image viewer. Edit form field templates and interact with form field templates on an image in WPF image viewer. Define how form fields (OMR, text, barcodes) must be shown in WPF image viewer. Define how user can interact with form fields (OMR, text, barcodes) in WPF image viewer.","Vintasoft,Imaging,.net,sdk,library,vb.net,c#,document,image,WPF,viewer,view,interact,edit,optical,mark,OMR,text,OCR,barcode,template",3144,False,1.6.2.1
VintaSoft Ltd.,2017-12-27T12:29:52.293Z,7,114,"Display and interact with recognized form fields (OMR, text, barcodes) on an image in WPF image viewer. Edit form field templates and interact with form field templates on an image in WPF image viewer. Define how form fields (OMR, text, barcodes) must be shown in WPF image viewer. Define how user can interact with form fields (OMR, text, barcodes) in WPF image viewer.",Vintasoft.Imaging.FormsProcessing.Wpf.UI,False,2018-04-13T11:54:40.04+00:00,False,False,"Display and interact with recognized form fields (OMR, text, barcodes) on an image in WPF image viewer. Edit form field templates and interact with form field templates on an image in WPF image viewer. Define how form fields (OMR, text, barcodes) must be shown in WPF image viewer. Define how user can interact with form fields (OMR, text, barcodes) in WPF image viewer.","Vintasoft,Imaging,.net,sdk,library,vb.net,c#,document,image,WPF,viewer,view,interact,edit,optical,mark,OMR,text,OCR,barcode,template",3144,False,1.6.1.1
Quamotion,2018-02-16T18:13:30.76Z,62,63,"Helm contains a .NET client which you can use to interact with Helm, the package manager for Kubernetes. It contains an client-side implementation of HAPI, the gRPC-based Helm API",Helm,False,2018-02-17T23:32:34.183+00:00,True,False,,"helm,kubernetes,grpc,protobuf",437,False,0.1.20
VintaSoft Ltd.,2018-01-25T09:14:26.28Z,7,85,"Display and interact with recognized form fields (OMR, text, barcodes) on an image in WPF image viewer. Edit form field templates and interact with form field templates on an image in WPF image viewer. Define how form fields (OMR, text, barcodes) must be shown in WPF image viewer. Define how user can interact with form fields (OMR, text, barcodes) in WPF image viewer.",Vintasoft.Imaging.FormsProcessing.Wpf.UI,False,2018-04-13T11:54:40.04+00:00,False,False,"Display and interact with recognized form fields (OMR, text, barcodes) on an image in WPF image viewer. Edit form field templates and interact with form field templates on an image in WPF image viewer. Define how form fields (OMR, text, barcodes) must be shown in WPF image viewer. Define how user can interact with form fields (OMR, text, barcodes) in WPF image viewer.","Vintasoft,Imaging,.net,sdk,library,vb.net,c#,document,image,WPF,viewer,view,interact,edit,optical,mark,OMR,text,OCR,barcode,template",3144,False,1.6.3.1
VintaSoft Ltd.,2017-12-15T12:32:38.97Z,7,126,"Display and interact with recognized form fields (OMR, text, barcodes) on an image in WPF image viewer. Edit form field templates and interact with form field templates on an image in WPF image viewer. Define how form fields (OMR, text, barcodes) must be shown in WPF image viewer. Define how user can interact with form fields (OMR, text, barcodes) in WPF image viewer.",Vintasoft.Imaging.FormsProcessing.Wpf.UI,False,2018-04-13T11:54:40.04+00:00,False,False,"Display and interact with recognized form fields (OMR, text, barcodes) on an image in WPF image viewer. Edit form field templates and interact with form field templates on an image in WPF image viewer. Define how form fields (OMR, text, barcodes) must be shown in WPF image viewer. Define how user can interact with form fields (OMR, text, barcodes) in WPF image viewer.","Vintasoft,Imaging,.net,sdk,library,vb.net,c#,document,image,WPF,viewer,view,interact,edit,optical,mark,OMR,text,OCR,barcode,template",3144,False,1.6.0.1
VintaSoft Ltd.,2017-12-01T09:47:42.3Z,7,140,"Display and interact with recognized form fields (OMR, text, barcodes) on an image in WPF image viewer. Edit form field templates and interact with form field templates on an image in WPF image viewer. Define how form fields (OMR, text, barcodes) must be shown in WPF image viewer. Define how user can interact with form fields (OMR, text, barcodes) in WPF image viewer.",Vintasoft.Imaging.FormsProcessing.Wpf.UI,False,2018-04-13T11:54:40.04+00:00,False,False,"Display and interact with recognized form fields (OMR, text, barcodes) on an image in WPF image viewer. Edit form field templates and interact with form field templates on an image in WPF image viewer. Define how form fields (OMR, text, barcodes) must be shown in WPF image viewer. Define how user can interact with form fields (OMR, text, barcodes) in WPF image viewer.","Vintasoft,Imaging,.net,sdk,library,vb.net,c#,document,image,WPF,viewer,view,interact,edit,optical,mark,OMR,text,OCR,barcode,template",3144,False,1.5.17.1
VintaSoft Ltd.,2017-11-17T12:50:16.957Z,7,154,"Display and interact with recognized form fields (OMR, text, barcodes) on an image in WPF image viewer. Edit form field templates and interact with form field templates on an image in WPF image viewer. Define how form fields (OMR, text, barcodes) must be shown in WPF image viewer. Define how user can interact with form fields (OMR, text, barcodes) in WPF image viewer.",Vintasoft.Imaging.FormsProcessing.Wpf.UI,False,2018-04-13T11:54:40.04+00:00,False,False,"Display and interact with recognized form fields (OMR, text, barcodes) on an image in WPF image viewer. Edit form field templates and interact with form field templates on an image in WPF image viewer. Define how form fields (OMR, text, barcodes) must be shown in WPF image viewer. Define how user can interact with form fields (OMR, text, barcodes) in WPF image viewer.","Vintasoft,Imaging,.net,sdk,library,vb.net,c#,document,image,WPF,viewer,view,interact,edit,optical,mark,OMR,text,OCR,barcode,template",3144,False,1.5.16.1
VintaSoft Ltd.,2017-11-08T14:42:02.423Z,7,163,"Display and interact with recognized form fields (OMR, text, barcodes) on an image in WPF image viewer. Edit form field templates and interact with form field templates on an image in WPF image viewer. Define how form fields (OMR, text, barcodes) must be shown in WPF image viewer. Define how user can interact with form fields (OMR, text, barcodes) in WPF image viewer.",Vintasoft.Imaging.FormsProcessing.Wpf.UI,False,2018-04-13T11:54:40.04+00:00,False,False,"Display and interact with recognized form fields (OMR, text, barcodes) on an image in WPF image viewer. Edit form field templates and interact with form field templates on an image in WPF image viewer. Define how form fields (OMR, text, barcodes) must be shown in WPF image viewer. Define how user can interact with form fields (OMR, text, barcodes) in WPF image viewer.","Vintasoft,Imaging,.net,sdk,library,vb.net,c#,document,image,WPF,viewer,view,interact,edit,optical,mark,OMR,text,OCR,barcode,template",3144,False,1.5.15.1
"Ross McKinlay,Colin Bull",2018-02-16T18:14:12.077Z,4,63,Type providers for SQL database access.,SQLProvider,False,2018-04-16T19:20:53.603+00:00,True,False,Type providers for SQL database access.,"F#,fsharp,typeprovider,sql,sqlserver",47465,False,1.1.35
"Bruno Lowagie,Paulo Soares,et al.",2014-02-14T12:05:32.19Z,79,1526,"Parses XML to PDF, with CSS support, using iTextSharp.",itextsharp.xmlworker,False,2018-01-31T08:42:21.3+00:00,True,False,"Parses XML to PDF, with CSS support, using iTextSharp.","itext,itextsharp,c#,csharp,xml,worker,pdf,html,xhtml,css",671882,False,5.5.0
VintaSoft Ltd.,2017-10-20T12:40:03.31Z,7,182,"Display and interact with recognized form fields (OMR, text, barcodes) on an image in WPF image viewer. Edit form field templates and interact with form field templates on an image in WPF image viewer. Define how form fields (OMR, text, barcodes) must be shown in WPF image viewer. Define how user can interact with form fields (OMR, text, barcodes) in WPF image viewer.",Vintasoft.Imaging.FormsProcessing.Wpf.UI,False,2018-04-13T11:54:40.04+00:00,False,False,"Display and interact with recognized form fields (OMR, text, barcodes) on an image in WPF image viewer. Edit form field templates and interact with form field templates on an image in WPF image viewer. Define how form fields (OMR, text, barcodes) must be shown in WPF image viewer. Define how user can interact with form fields (OMR, text, barcodes) in WPF image viewer.","Vintasoft,Imaging,.net,sdk,library,vb.net,c#,document,image,WPF,viewer,view,interact,edit,optical,mark,OMR,text,OCR,barcode,template",3144,False,1.5.14.1
VintaSoft Ltd.,2017-10-06T13:36:58.363Z,7,196,"Display and interact with recognized form fields (OMR, text, barcodes) on an image in WPF image viewer. Edit form field templates and interact with form field templates on an image in WPF image viewer. Define how form fields (OMR, text, barcodes) must be shown in WPF image viewer. Define how user can interact with form fields (OMR, text, barcodes) in WPF image viewer.",Vintasoft.Imaging.FormsProcessing.Wpf.UI,False,2018-04-13T11:54:40.04+00:00,False,False,"Display and interact with recognized form fields (OMR, text, barcodes) on an image in WPF image viewer. Edit form field templates and interact with form field templates on an image in WPF image viewer. Define how form fields (OMR, text, barcodes) must be shown in WPF image viewer. Define how user can interact with form fields (OMR, text, barcodes) in WPF image viewer.","Vintasoft,Imaging,.net,sdk,library,vb.net,c#,document,image,WPF,viewer,view,interact,edit,optical,mark,OMR,text,OCR,barcode,template",3144,False,1.5.13.1
VintaSoft Ltd.,2017-10-02T12:40:44.833Z,7,200,"Display and interact with recognized form fields (OMR, text, barcodes) on an image in WPF image viewer. Edit form field templates and interact with form field templates on an image in WPF image viewer. Define how form fields (OMR, text, barcodes) must be shown in WPF image viewer. Define how user can interact with form fields (OMR, text, barcodes) in WPF image viewer.",Vintasoft.Imaging.FormsProcessing.Wpf.UI,False,2018-04-13T11:54:40.04+00:00,False,False,"Display and interact with recognized form fields (OMR, text, barcodes) on an image in WPF image viewer. Edit form field templates and interact with form field templates on an image in WPF image viewer. Define how form fields (OMR, text, barcodes) must be shown in WPF image viewer. Define how user can interact with form fields (OMR, text, barcodes) in WPF image viewer.","Vintasoft,Imaging,.net,sdk,library,vb.net,c#,document,image,WPF,viewer,view,interact,edit,optical,mark,OMR,text,OCR,barcode,template",3144,False,1.5.12.1
VintaSoft Ltd.,2017-09-19T13:06:13.547Z,7,213,"Display and interact with recognized form fields (OMR, text, barcodes) on an image in WPF image viewer. Edit form field templates and interact with form field templates on an image in WPF image viewer. Define how form fields (OMR, text, barcodes) must be shown in WPF image viewer. Define how user can interact with form fields (OMR, text, barcodes) in WPF image viewer.",Vintasoft.Imaging.FormsProcessing.Wpf.UI,False,2018-04-13T11:54:40.04+00:00,False,False,"Display and interact with recognized form fields (OMR, text, barcodes) on an image in WPF image viewer. Edit form field templates and interact with form field templates on an image in WPF image viewer. Define how form fields (OMR, text, barcodes) must be shown in WPF image viewer. Define how user can interact with form fields (OMR, text, barcodes) in WPF image viewer.","Vintasoft,Imaging,.net,sdk,library,vb.net,c#,document,image,WPF,viewer,view,interact,edit,optical,mark,OMR,text,OCR,barcode,template",3144,False,1.5.11.1
Dennis Marck (DemaWare),2018-02-16T18:13:58.2Z,18,63,General web library for projects of DemaWare,DemaWare.General.Web,False,2018-04-02T10:42:14.627+00:00,True,False,,,681,False,1.0.4
VintaSoft Ltd.,2017-08-16T12:47:10.737Z,7,247,"Display and interact with recognized form fields (OMR, text, barcodes) on an image in WPF image viewer. Edit form field templates and interact with form field templates on an image in WPF image viewer. Define how form fields (OMR, text, barcodes) must be shown in WPF image viewer. Define how user can interact with form fields (OMR, text, barcodes) in WPF image viewer.",Vintasoft.Imaging.FormsProcessing.Wpf.UI,False,2018-04-13T11:54:40.04+00:00,False,False,"Display and interact with recognized form fields (OMR, text, barcodes) on an image in WPF image viewer. Edit form field templates and interact with form field templates on an image in WPF image viewer. Define how form fields (OMR, text, barcodes) must be shown in WPF image viewer. Define how user can interact with form fields (OMR, text, barcodes) in WPF image viewer.","Vintasoft,Imaging,.net,sdk,library,vb.net,c#,document,image,WPF,viewer,view,interact,edit,optical,mark,OMR,text,OCR,barcode,template",3144,False,1.5.8.1
VintaSoft Ltd.,2017-09-08T12:21:18.45Z,7,224,"Display and interact with recognized form fields (OMR, text, barcodes) on an image in WPF image viewer. Edit form field templates and interact with form field templates on an image in WPF image viewer. Define how form fields (OMR, text, barcodes) must be shown in WPF image viewer. Define how user can interact with form fields (OMR, text, barcodes) in WPF image viewer.",Vintasoft.Imaging.FormsProcessing.Wpf.UI,False,2018-04-13T11:54:40.04+00:00,False,False,"Display and interact with recognized form fields (OMR, text, barcodes) on an image in WPF image viewer. Edit form field templates and interact with form field templates on an image in WPF image viewer. Define how form fields (OMR, text, barcodes) must be shown in WPF image viewer. Define how user can interact with form fields (OMR, text, barcodes) in WPF image viewer.","Vintasoft,Imaging,.net,sdk,library,vb.net,c#,document,image,WPF,viewer,view,interact,edit,optical,mark,OMR,text,OCR,barcode,template",3144,False,1.5.10.1
VintaSoft Ltd.,2017-08-03T11:54:59.403Z,7,260,"Display and interact with recognized form fields (OMR, text, barcodes) on an image in WPF image viewer. Edit form field templates and interact with form field templates on an image in WPF image viewer. Define how form fields (OMR, text, barcodes) must be shown in WPF image viewer. Define how user can interact with form fields (OMR, text, barcodes) in WPF image viewer.",Vintasoft.Imaging.FormsProcessing.Wpf.UI,False,2018-04-13T11:54:40.04+00:00,False,False,"Display and interact with recognized form fields (OMR, text, barcodes) on an image in WPF image viewer. Edit form field templates and interact with form field templates on an image in WPF image viewer. Define how form fields (OMR, text, barcodes) must be shown in WPF image viewer. Define how user can interact with form fields (OMR, text, barcodes) in WPF image viewer.","Vintasoft,Imaging,.net,sdk,library,vb.net,c#,document,image,WPF,viewer,view,interact,edit,optical,mark,OMR,text,OCR,barcode,template",3144,False,1.5.7.1
VintaSoft Ltd.,2017-06-21T13:02:28.377Z,7,303,"Display and interact with recognized form fields (OMR, text, barcodes) on an image in WPF image viewer. Edit form field templates and interact with form field templates on an image in WPF image viewer. Define how form fields (OMR, text, barcodes) must be shown in WPF image viewer. Define how user can interact with form fields (OMR, text, barcodes) in WPF image viewer.",Vintasoft.Imaging.FormsProcessing.Wpf.UI,False,2018-04-13T11:54:40.04+00:00,False,False,"Display and interact with recognized form fields (OMR, text, barcodes) on an image in WPF image viewer. Edit form field templates and interact with form field templates on an image in WPF image viewer. Define how form fields (OMR, text, barcodes) must be shown in WPF image viewer. Define how user can interact with form fields (OMR, text, barcodes) in WPF image viewer.","Vintasoft,Imaging,.net,sdk,library,vb.net,c#,document,image,WPF,viewer,view,interact,edit,optical,mark,OMR,text,OCR,barcode,template",3144,False,1.5.4.1
VintaSoft Ltd.,2017-07-06T18:34:52.887Z,7,288,"Display and interact with recognized form fields (OMR, text, barcodes) on an image in WPF image viewer. Edit form field templates and interact with form field templates on an image in WPF image viewer. Define how form fields (OMR, text, barcodes) must be shown in WPF image viewer. Define how user can interact with form fields (OMR, text, barcodes) in WPF image viewer.",Vintasoft.Imaging.FormsProcessing.Wpf.UI,False,2018-04-13T11:54:40.04+00:00,False,False,"Display and interact with recognized form fields (OMR, text, barcodes) on an image in WPF image viewer. Edit form field templates and interact with form field templates on an image in WPF image viewer. Define how form fields (OMR, text, barcodes) must be shown in WPF image viewer. Define how user can interact with form fields (OMR, text, barcodes) in WPF image viewer.","Vintasoft,Imaging,.net,sdk,library,vb.net,c#,document,image,WPF,viewer,view,interact,edit,optical,mark,OMR,text,OCR,barcode,template",3144,False,1.5.5.1
VintaSoft Ltd.,2017-07-20T11:46:43.45Z,7,274,"Display and interact with recognized form fields (OMR, text, barcodes) on an image in WPF image viewer. Edit form field templates and interact with form field templates on an image in WPF image viewer. Define how form fields (OMR, text, barcodes) must be shown in WPF image viewer. Define how user can interact with form fields (OMR, text, barcodes) in WPF image viewer.",Vintasoft.Imaging.FormsProcessing.Wpf.UI,False,2018-04-13T11:54:40.04+00:00,False,False,"Display and interact with recognized form fields (OMR, text, barcodes) on an image in WPF image viewer. Edit form field templates and interact with form field templates on an image in WPF image viewer. Define how form fields (OMR, text, barcodes) must be shown in WPF image viewer. Define how user can interact with form fields (OMR, text, barcodes) in WPF image viewer.","Vintasoft,Imaging,.net,sdk,library,vb.net,c#,document,image,WPF,viewer,view,interact,edit,optical,mark,OMR,text,OCR,barcode,template",3144,False,1.5.6.1
VintaSoft Ltd.,2017-03-03T08:41:02.49Z,7,413,"Display and interact with recognized form fields (OMR, text, barcodes) on an image in WPF image viewer. Edit form field templates and interact with form field templates on an image in WPF image viewer. Define how form fields (OMR, text, barcodes) must be shown in WPF image viewer. Define how user can interact with form fields (OMR, text, barcodes) in WPF image viewer.",Vintasoft.Imaging.FormsProcessing.Wpf.UI,False,2018-04-13T11:54:40.04+00:00,False,False,"Display and interact with recognized form fields (OMR, text, barcodes) on an image in WPF image viewer. Edit form field templates and interact with form field templates on an image in WPF image viewer. Define how form fields (OMR, text, barcodes) must be shown in WPF image viewer. Define how user can interact with form fields (OMR, text, barcodes) in WPF image viewer.","Vintasoft,Imaging,.net,sdk,library,vb.net,c#,document,image,WPF,viewer,view,interact,edit,optical,mark,OMR,text,OCR,barcode,template",3144,False,1.4.17.1
VintaSoft Ltd.,2017-02-10T15:00:53.223Z,7,434,"Display and interact with recognized form fields (OMR, text, barcodes) on an image in WPF image viewer. Edit form field templates and interact with form field templates on an image in WPF image viewer. Define how form fields (OMR, text, barcodes) must be shown in WPF image viewer. Define how user can interact with form fields (OMR, text, barcodes) in WPF image viewer.",Vintasoft.Imaging.FormsProcessing.Wpf.UI,False,2018-04-13T11:54:40.04+00:00,False,False,"Display and interact with recognized form fields (OMR, text, barcodes) on an image in WPF image viewer. Edit form field templates and interact with form field templates on an image in WPF image viewer. Define how form fields (OMR, text, barcodes) must be shown in WPF image viewer. Define how user can interact with form fields (OMR, text, barcodes) in WPF image viewer.","Vintasoft,Imaging,.net,sdk,library,vb.net,c#,document,image,WPF,viewer,view,interact,edit,optical,mark,OMR,text,OCR,barcode,template",3144,False,1.4.15.1
VintaSoft Ltd.,2017-01-27T08:33:08.287Z,7,448,"Display and interact with recognized form fields (OMR, text, barcodes) on an image in WPF image viewer. Edit form field templates and interact with form field templates on an image in WPF image viewer. Define how form fields (OMR, text, barcodes) must be shown in WPF image viewer. Define how user can interact with form fields (OMR, text, barcodes) in WPF image viewer.",Vintasoft.Imaging.FormsProcessing.Wpf.UI,False,2018-04-13T11:54:40.04+00:00,False,False,"Display and interact with recognized form fields (OMR, text, barcodes) on an image in WPF image viewer. Edit form field templates and interact with form field templates on an image in WPF image viewer. Define how form fields (OMR, text, barcodes) must be shown in WPF image viewer. Define how user can interact with form fields (OMR, text, barcodes) in WPF image viewer.","Vintasoft,Imaging,.net,sdk,library,vb.net,c#,document,image,WPF,viewer,view,interact,edit,optical,mark,OMR,text,OCR,barcode,template",3144,False,1.4.13.1
VintaSoft Ltd.,2017-05-29T08:20:29.947Z,7,326,"Display and interact with recognized form fields (OMR, text, barcodes) on an image in WPF image viewer. Edit form field templates and interact with form field templates on an image in WPF image viewer. Define how form fields (OMR, text, barcodes) must be shown in WPF image viewer. Define how user can interact with form fields (OMR, text, barcodes) in WPF image viewer.",Vintasoft.Imaging.FormsProcessing.Wpf.UI,False,2018-04-13T11:54:40.04+00:00,False,False,"Display and interact with recognized form fields (OMR, text, barcodes) on an image in WPF image viewer. Edit form field templates and interact with form field templates on an image in WPF image viewer. Define how form fields (OMR, text, barcodes) must be shown in WPF image viewer. Define how user can interact with form fields (OMR, text, barcodes) in WPF image viewer.","Vintasoft,Imaging,.net,sdk,library,vb.net,c#,document,image,WPF,viewer,view,interact,edit,optical,mark,OMR,text,OCR,barcode,template",3144,False,1.5.3.2
VintaSoft Ltd.,2017-05-05T12:07:42.943Z,7,350,"Display and interact with recognized form fields (OMR, text, barcodes) on an image in WPF image viewer. Edit form field templates and interact with form field templates on an image in WPF image viewer. Define how form fields (OMR, text, barcodes) must be shown in WPF image viewer. Define how user can interact with form fields (OMR, text, barcodes) in WPF image viewer.",Vintasoft.Imaging.FormsProcessing.Wpf.UI,False,2018-04-13T11:54:40.04+00:00,False,False,"Display and interact with recognized form fields (OMR, text, barcodes) on an image in WPF image viewer. Edit form field templates and interact with form field templates on an image in WPF image viewer. Define how form fields (OMR, text, barcodes) must be shown in WPF image viewer. Define how user can interact with form fields (OMR, text, barcodes) in WPF image viewer.","Vintasoft,Imaging,.net,sdk,library,vb.net,c#,document,image,WPF,viewer,view,interact,edit,optical,mark,OMR,text,OCR,barcode,template",3144,False,1.5.1.1
"Bruno Lowagie,Paulo Soares,et al.",2013-12-06T07:57:29.697Z,79,1596,"Parses XML to PDF, with CSS support, using iTextSharp.",itextsharp.xmlworker,False,2018-01-31T08:42:21.3+00:00,True,False,"Parses XML to PDF, with CSS support, using iTextSharp.","itext,itextsharp,c#,csharp,xml,worker,pdf,html,xhtml,css",671882,False,5.4.5
Csányi István,2018-02-16T18:11:56.63Z,27,63,A lightweight .Net network library,Amion.Network,False,2018-03-24T22:07:57.763+00:00,True,False,,,457,False,1.0.1
VintaSoft Ltd.,2017-01-20T08:59:36.007Z,7,455,"Display and interact with recognized form fields (OMR, text, barcodes) on an image in WPF image viewer. Edit form field templates and interact with form field templates on an image in WPF image viewer. Define how form fields (OMR, text, barcodes) must be shown in WPF image viewer. Define how user can interact with form fields (OMR, text, barcodes) in WPF image viewer.",Vintasoft.Imaging.FormsProcessing.Wpf.UI,False,2018-04-13T11:54:40.04+00:00,False,False,"Display and interact with recognized form fields (OMR, text, barcodes) on an image in WPF image viewer. Edit form field templates and interact with form field templates on an image in WPF image viewer. Define how form fields (OMR, text, barcodes) must be shown in WPF image viewer. Define how user can interact with form fields (OMR, text, barcodes) in WPF image viewer.","Vintasoft,Imaging,.net,sdk,library,vb.net,c#,document,image,WPF,viewer,view,interact,edit,optical,mark,OMR,text,OCR,barcode,template",3144,False,1.4.12.1
VintaSoft Ltd.,2017-01-19T09:34:55.447Z,7,456,"Display and interact with recognized form fields (OMR, text, barcodes) on an image in WPF image viewer. Edit form field templates and interact with form field templates on an image in WPF image viewer. Define how form fields (OMR, text, barcodes) must be shown in WPF image viewer. Define how user can interact with form fields (OMR, text, barcodes) in WPF image viewer.",Vintasoft.Imaging.FormsProcessing.Wpf.UI,False,2018-04-13T11:54:40.04+00:00,False,False,"Display and interact with recognized form fields (OMR, text, barcodes) on an image in WPF image viewer. Edit form field templates and interact with form field templates on an image in WPF image viewer. Define how form fields (OMR, text, barcodes) must be shown in WPF image viewer. Define how user can interact with form fields (OMR, text, barcodes) in WPF image viewer.","Vintasoft,Imaging,.net,sdk,library,vb.net,c#,document,image,WPF,viewer,view,interact,edit,optical,mark,OMR,text,OCR,barcode,template",3144,False,1.4.11.1
VintaSoft Ltd.,2018-01-12T13:43:40.417Z,7,98,"Classes, which define how OCR form fields must be shown in WPF image viewer. Classes, which define how user can interact with OCR form fields in WPF image viewer.",Vintasoft.Imaging.FormsProcessing.Ocr.Wpf.UI,False,2018-04-13T12:01:30.243+00:00,False,False,"Classes, which define how OCR form fields must be shown in WPF image viewer. Classes, which define how user can interact with OCR form fields in WPF image viewer.","Vintasoft,Imaging,.net,sdk,library,vb.net,c#,document,image,recognize,OCR,text,form,field,WPF,viewer,view,interact,edit",3090,False,1.6.2.1
VintaSoft Ltd.,2018-01-25T09:20:50.18Z,7,85,"Classes, which define how OCR form fields must be shown in WPF image viewer. Classes, which define how user can interact with OCR form fields in WPF image viewer.",Vintasoft.Imaging.FormsProcessing.Ocr.Wpf.UI,False,2018-04-13T12:01:30.243+00:00,False,False,"Classes, which define how OCR form fields must be shown in WPF image viewer. Classes, which define how user can interact with OCR form fields in WPF image viewer.","Vintasoft,Imaging,.net,sdk,library,vb.net,c#,document,image,recognize,OCR,text,form,field,WPF,viewer,view,interact,edit",3090,False,1.6.3.1
VintaSoft Ltd.,2017-12-27T12:35:32.673Z,7,114,"Classes, which define how OCR form fields must be shown in WPF image viewer. Classes, which define how user can interact with OCR form fields in WPF image viewer.",Vintasoft.Imaging.FormsProcessing.Ocr.Wpf.UI,False,2018-04-13T12:01:30.243+00:00,False,False,"Classes, which define how OCR form fields must be shown in WPF image viewer. Classes, which define how user can interact with OCR form fields in WPF image viewer.","Vintasoft,Imaging,.net,sdk,library,vb.net,c#,document,image,recognize,OCR,text,form,field,WPF,viewer,view,interact,edit",3090,False,1.6.1.1
VintaSoft Ltd.,2017-12-15T12:38:01.207Z,7,126,"Classes, which define how OCR form fields must be shown in WPF image viewer. Classes, which define how user can interact with OCR form fields in WPF image viewer.",Vintasoft.Imaging.FormsProcessing.Ocr.Wpf.UI,False,2018-04-13T12:01:30.243+00:00,False,False,"Classes, which define how OCR form fields must be shown in WPF image viewer. Classes, which define how user can interact with OCR form fields in WPF image viewer.","Vintasoft,Imaging,.net,sdk,library,vb.net,c#,document,image,recognize,OCR,text,form,field,WPF,viewer,view,interact,edit",3090,False,1.6.0.1
VintaSoft Ltd.,2017-12-01T09:52:54.277Z,7,140,Classes that define how OCR form fields must be shown in WPF image viewer. Classes that define how user can interact with OCR form fields in WPF image viewer.,Vintasoft.Imaging.FormsProcessing.Ocr.Wpf.UI,False,2018-04-13T12:01:30.243+00:00,False,False,Classes that define how OCR form fields must be shown in WPF image viewer. Classes that define how user can interact with OCR form fields in WPF image viewer.,"Vintasoft,Imaging,.net,sdk,library,vb.net,c#,document,image,recognize,OCR,text,form,field,WPF,viewer,view,interact,edit",3090,False,1.5.17.1
VintaSoft Ltd.,2017-11-17T12:55:11.78Z,7,154,Classes that define how OCR form fields must be shown in WPF image viewer. Classes that define how user can interact with OCR form fields in WPF image viewer.,Vintasoft.Imaging.FormsProcessing.Ocr.Wpf.UI,False,2018-04-13T12:01:30.243+00:00,False,False,Classes that define how OCR form fields must be shown in WPF image viewer. Classes that define how user can interact with OCR form fields in WPF image viewer.,"Vintasoft,Imaging,.net,sdk,library,vb.net,c#,document,image,recognize,OCR,text,form,field,WPF,viewer,view,interact,edit",3090,False,1.5.16.1
VintaSoft Ltd.,2017-11-08T14:48:02.407Z,7,163,Classes that define how OCR form fields must be shown in WPF image viewer. Classes that define how user can interact with OCR form fields in WPF image viewer.,Vintasoft.Imaging.FormsProcessing.Ocr.Wpf.UI,False,2018-04-13T12:01:30.243+00:00,False,False,Classes that define how OCR form fields must be shown in WPF image viewer. Classes that define how user can interact with OCR form fields in WPF image viewer.,"Vintasoft,Imaging,.net,sdk,library,vb.net,c#,document,image,recognize,OCR,text,form,field,WPF,viewer,view,interact,edit",3090,False,1.5.15.1
VintaSoft Ltd.,2017-10-06T13:41:46.39Z,7,196,Classes that define how OCR form fields must be shown in WPF image viewer. Classes that define how user can interact with OCR form fields in WPF image viewer.,Vintasoft.Imaging.FormsProcessing.Ocr.Wpf.UI,False,2018-04-13T12:01:30.243+00:00,False,False,Classes that define how OCR form fields must be shown in WPF image viewer. Classes that define how user can interact with OCR form fields in WPF image viewer.,"Vintasoft,Imaging,.net,sdk,library,vb.net,c#,document,image,recognize,OCR,text,form,field,WPF,viewer,view,interact,edit",3090,False,1.5.13.1
VintaSoft Ltd.,2017-10-02T12:46:23.593Z,7,200,Classes that define how OCR form fields must be shown in WPF image viewer. Classes that define how user can interact with OCR form fields in WPF image viewer.,Vintasoft.Imaging.FormsProcessing.Ocr.Wpf.UI,False,2018-04-13T12:01:30.243+00:00,False,False,Classes that define how OCR form fields must be shown in WPF image viewer. Classes that define how user can interact with OCR form fields in WPF image viewer.,"Vintasoft,Imaging,.net,sdk,library,vb.net,c#,document,image,recognize,OCR,text,form,field,WPF,viewer,view,interact,edit",3090,False,1.5.12.1
VintaSoft Ltd.,2017-10-20T12:46:23.25Z,7,182,Classes that define how OCR form fields must be shown in WPF image viewer. Classes that define how user can interact with OCR form fields in WPF image viewer.,Vintasoft.Imaging.FormsProcessing.Ocr.Wpf.UI,False,2018-04-13T12:01:30.243+00:00,False,False,Classes that define how OCR form fields must be shown in WPF image viewer. Classes that define how user can interact with OCR form fields in WPF image viewer.,"Vintasoft,Imaging,.net,sdk,library,vb.net,c#,document,image,recognize,OCR,text,form,field,WPF,viewer,view,interact,edit",3090,False,1.5.14.1
VintaSoft Ltd.,2017-09-19T13:10:53.557Z,7,213,Classes that define how OCR form fields must be shown in WPF image viewer. Classes that define how user can interact with OCR form fields in WPF image viewer.,Vintasoft.Imaging.FormsProcessing.Ocr.Wpf.UI,False,2018-04-13T12:01:30.243+00:00,False,False,Classes that define how OCR form fields must be shown in WPF image viewer. Classes that define how user can interact with OCR form fields in WPF image viewer.,"Vintasoft,Imaging,.net,sdk,library,vb.net,c#,document,image,recognize,OCR,text,form,field,WPF,viewer,view,interact,edit",3090,False,1.5.11.1
VintaSoft Ltd.,2017-09-08T12:25:59.63Z,7,224,Classes that define how OCR form fields must be shown in WPF image viewer. Classes that define how user can interact with OCR form fields in WPF image viewer.,Vintasoft.Imaging.FormsProcessing.Ocr.Wpf.UI,False,2018-04-13T12:01:30.243+00:00,False,False,Classes that define how OCR form fields must be shown in WPF image viewer. Classes that define how user can interact with OCR form fields in WPF image viewer.,"Vintasoft,Imaging,.net,sdk,library,vb.net,c#,document,image,recognize,OCR,text,form,field,WPF,viewer,view,interact,edit",3090,False,1.5.10.1
VintaSoft Ltd.,2017-08-03T11:59:59.447Z,7,260,Classes that define how OCR form fields must be shown in WPF image viewer. Classes that define how user can interact with OCR form fields in WPF image viewer.,Vintasoft.Imaging.FormsProcessing.Ocr.Wpf.UI,False,2018-04-13T12:01:30.243+00:00,False,False,Classes that define how OCR form fields must be shown in WPF image viewer. Classes that define how user can interact with OCR form fields in WPF image viewer.,"Vintasoft,Imaging,.net,sdk,library,vb.net,c#,document,image,recognize,OCR,text,form,field,WPF,viewer,view,interact,edit",3090,False,1.5.7.1
VintaSoft Ltd.,2017-07-20T11:51:18.367Z,7,274,Classes that define how OCR form fields must be shown in WPF image viewer. Classes that define how user can interact with OCR form fields in WPF image viewer.,Vintasoft.Imaging.FormsProcessing.Ocr.Wpf.UI,False,2018-04-13T12:01:30.243+00:00,False,False,Classes that define how OCR form fields must be shown in WPF image viewer. Classes that define how user can interact with OCR form fields in WPF image viewer.,"Vintasoft,Imaging,.net,sdk,library,vb.net,c#,document,image,recognize,OCR,text,form,field,WPF,viewer,view,interact,edit",3090,False,1.5.6.1
VintaSoft Ltd.,2017-08-16T12:51:37.583Z,7,247,Classes that define how OCR form fields must be shown in WPF image viewer. Classes that define how user can interact with OCR form fields in WPF image viewer.,Vintasoft.Imaging.FormsProcessing.Ocr.Wpf.UI,False,2018-04-13T12:01:30.243+00:00,False,False,Classes that define how OCR form fields must be shown in WPF image viewer. Classes that define how user can interact with OCR form fields in WPF image viewer.,"Vintasoft,Imaging,.net,sdk,library,vb.net,c#,document,image,recognize,OCR,text,form,field,WPF,viewer,view,interact,edit",3090,False,1.5.8.1
"Bruno Lowagie,Paulo Soares,et al.",2016-03-17T11:04:07.32Z,79,764,Adds PDF/A-related functionality for iTextSharp.,itextsharp.pdfa,False,2018-01-31T08:41:52.533+00:00,True,False,"Extra functionality for iTextSharp, a free port of the iText open source java library for PDF generation written entirely in C# for the .NET platform.","itext,itextsharp,c#,csharp,.net,pdf,pdfa",81467,False,5.5.9
VintaSoft Ltd.,2017-06-21T13:06:57.37Z,7,303,Classes that define how OCR form fields must be shown in WPF image viewer. Classes that define how user can interact with OCR form fields in WPF image viewer.,Vintasoft.Imaging.FormsProcessing.Ocr.Wpf.UI,False,2018-04-13T12:01:30.243+00:00,False,False,Classes that define how OCR form fields must be shown in WPF image viewer. Classes that define how user can interact with OCR form fields in WPF image viewer.,"Vintasoft,Imaging,.net,sdk,library,vb.net,c#,document,image,recognize,OCR,text,form,field,WPF,viewer,view,interact,edit",3090,False,1.5.4.1
VintaSoft Ltd.,2017-07-06T18:39:08.16Z,7,288,Classes that define how OCR form fields must be shown in WPF image viewer. Classes that define how user can interact with OCR form fields in WPF image viewer.,Vintasoft.Imaging.FormsProcessing.Ocr.Wpf.UI,False,2018-04-13T12:01:30.243+00:00,False,False,Classes that define how OCR form fields must be shown in WPF image viewer. Classes that define how user can interact with OCR form fields in WPF image viewer.,"Vintasoft,Imaging,.net,sdk,library,vb.net,c#,document,image,recognize,OCR,text,form,field,WPF,viewer,view,interact,edit",3090,False,1.5.5.1
VintaSoft Ltd.,2017-05-29T08:27:15.717Z,7,326,Classes that define how OCR form fields must be shown in WPF image viewer. Classes that define how user can interact with OCR form fields in WPF image viewer.,Vintasoft.Imaging.FormsProcessing.Ocr.Wpf.UI,False,2018-04-13T12:01:30.243+00:00,False,False,Classes that define how OCR form fields must be shown in WPF image viewer. Classes that define how user can interact with OCR form fields in WPF image viewer.,"Vintasoft,Imaging,.net,sdk,library,vb.net,c#,document,image,recognize,OCR,text,form,field,WPF,viewer,view,interact,edit",3090,False,1.5.3.2
VintaSoft Ltd.,2017-05-05T12:27:22.513Z,7,350,Classes that define how OCR form fields must be shown in WPF image viewer. Classes that define how user can interact with OCR form fields in WPF image viewer.,Vintasoft.Imaging.FormsProcessing.Ocr.Wpf.UI,False,2018-04-13T12:01:30.243+00:00,False,False,Classes that define how OCR form fields must be shown in WPF image viewer. Classes that define how user can interact with OCR form fields in WPF image viewer.,"Vintasoft,Imaging,.net,sdk,library,vb.net,c#,document,image,recognize,OCR,text,form,field,WPF,viewer,view,interact,edit",3090,False,1.5.1.1
VintaSoft Ltd.,2017-03-03T08:43:51.167Z,7,413,Classes that define how OCR form fields must be shown in WPF image viewer. Classes that define how user can interact with OCR form fields in WPF image viewer.,Vintasoft.Imaging.FormsProcessing.Ocr.Wpf.UI,False,2018-04-13T12:01:30.243+00:00,False,False,Classes that define how OCR form fields must be shown in WPF image viewer. Classes that define how user can interact with OCR form fields in WPF image viewer.,"Vintasoft,Imaging,.net,sdk,library,vb.net,c#,document,image,recognize,OCR,text,form,field,WPF,viewer,view,interact,edit",3090,False,1.4.17.1
VintaSoft Ltd.,2017-02-10T15:03:49.023Z,7,434,Classes that define how OCR form fields must be shown in WPF image viewer. Classes that define how user can interact with OCR form fields in WPF image viewer.,Vintasoft.Imaging.FormsProcessing.Ocr.Wpf.UI,False,2018-04-13T12:01:30.243+00:00,False,False,Classes that define how OCR form fields must be shown in WPF image viewer. Classes that define how user can interact with OCR form fields in WPF image viewer.,"Vintasoft,Imaging,.net,sdk,library,vb.net,c#,document,image,recognize,OCR,text,form,field,WPF,viewer,view,interact,edit",3090,False,1.4.15.1
VintaSoft Ltd.,2017-01-27T08:35:41.17Z,7,448,Classes that define how OCR form fields must be shown in WPF image viewer. Classes that define how user can interact with OCR form fields in WPF image viewer.,Vintasoft.Imaging.FormsProcessing.Ocr.Wpf.UI,False,2018-04-13T12:01:30.243+00:00,False,False,Classes that define how OCR form fields must be shown in WPF image viewer. Classes that define how user can interact with OCR form fields in WPF image viewer.,"Vintasoft,Imaging,.net,sdk,library,vb.net,c#,document,image,recognize,OCR,text,form,field,WPF,viewer,view,interact,edit",3090,False,1.4.13.1
VintaSoft Ltd.,2017-01-20T09:02:07.227Z,7,455,Classes that define how OCR form fields must be shown in WPF image viewer. Classes that define how user can interact with OCR form fields in WPF image viewer.,Vintasoft.Imaging.FormsProcessing.Ocr.Wpf.UI,False,2018-04-13T12:01:30.243+00:00,False,False,Classes that define how OCR form fields must be shown in WPF image viewer. Classes that define how user can interact with OCR form fields in WPF image viewer.,"Vintasoft,Imaging,.net,sdk,library,vb.net,c#,document,image,recognize,OCR,text,form,field,WPF,viewer,view,interact,edit",3090,False,1.4.12.1
VintaSoft Ltd.,2017-01-19T09:35:19.54Z,7,456,Classes that define how OCR form fields must be shown in WPF image viewer. Classes that define how user can interact with OCR form fields in WPF image viewer.,Vintasoft.Imaging.FormsProcessing.Ocr.Wpf.UI,False,2018-04-13T12:01:30.243+00:00,False,False,Classes that define how OCR form fields must be shown in WPF image viewer. Classes that define how user can interact with OCR form fields in WPF image viewer.,"Vintasoft,Imaging,.net,sdk,library,vb.net,c#,document,image,recognize,OCR,text,form,field,WPF,viewer,view,interact,edit",3090,False,1.4.11.1
VintaSoft Ltd.,2018-01-25T09:14:10.513Z,7,85,"Classes, which define OCR form fields. Classes, which define how OCR form fields must be shown in WinForms image viewer. Classes, which define how user can interact with OCR form fields in WinForms image viewer.",Vintasoft.Imaging.FormsProcessing.Ocr,False,2018-04-13T11:54:23.073+00:00,False,False,"Classes, which define OCR form fields. Classes, which define how OCR form fields must be shown in WinForms image viewer. Classes, which define how user can interact with OCR form fields in WinForms image viewer.","Vintasoft,Imaging,.net,sdk,library,vb.net,c#,document,image,recognize,OCR,text,form,field,WinForms,viewer,view,interact,edit",3111,False,1.6.3.1
VintaSoft Ltd.,2018-01-12T13:37:47.28Z,7,98,"Classes, which define OCR form fields. Classes, which define how OCR form fields must be shown in WinForms image viewer. Classes, which define how user can interact with OCR form fields in WinForms image viewer.",Vintasoft.Imaging.FormsProcessing.Ocr,False,2018-04-13T11:54:23.073+00:00,False,False,"Classes, which define OCR form fields. Classes, which define how OCR form fields must be shown in WinForms image viewer. Classes, which define how user can interact with OCR form fields in WinForms image viewer.","Vintasoft,Imaging,.net,sdk,library,vb.net,c#,document,image,recognize,OCR,text,form,field,WinForms,viewer,view,interact,edit",3111,False,1.6.2.1
"Bruno Lowagie,Paulo Soares,et al.",2015-11-30T20:35:19.583Z,79,872,Adds PDF/A-related functionality for iTextSharp.,itextsharp.pdfa,False,2018-01-31T08:41:52.533+00:00,True,False,"Extra functionality for iTextSharp, a free port of the iText open source java library for PDF generation written entirely in C# for the .NET platform.","itext,itextsharp,c#,csharp,.net,pdf,pdfa",81467,False,5.5.8
VintaSoft Ltd.,2017-12-27T12:29:38.103Z,7,114,"Classes, which define OCR form fields. Classes, which define how OCR form fields must be shown in WinForms image viewer. Classes, which define how user can interact with OCR form fields in WinForms image viewer.",Vintasoft.Imaging.FormsProcessing.Ocr,False,2018-04-13T11:54:23.073+00:00,False,False,"Classes, which define OCR form fields. Classes, which define how OCR form fields must be shown in WinForms image viewer. Classes, which define how user can interact with OCR form fields in WinForms image viewer.","Vintasoft,Imaging,.net,sdk,library,vb.net,c#,document,image,recognize,OCR,text,form,field,WinForms,viewer,view,interact,edit",3111,False,1.6.1.1
VintaSoft Ltd.,2017-12-15T12:32:22.877Z,7,126,"Classes, which define OCR form fields. Classes, which define how OCR form fields must be shown in WinForms image viewer. Classes, which define how user can interact with OCR form fields in WinForms image viewer.",Vintasoft.Imaging.FormsProcessing.Ocr,False,2018-04-13T11:54:23.073+00:00,False,False,"Classes, which define OCR form fields. Classes, which define how OCR form fields must be shown in WinForms image viewer. Classes, which define how user can interact with OCR form fields in WinForms image viewer.","Vintasoft,Imaging,.net,sdk,library,vb.net,c#,document,image,recognize,OCR,text,form,field,WinForms,viewer,view,interact,edit",3111,False,1.6.0.1
VintaSoft Ltd.,2017-12-01T09:47:26.847Z,7,140,Classes that define OCR form fields. Classes that define how OCR form fields must be shown in WinForms image viewer. Classes that define how user can interact with OCR form fields in WinForms image viewer.,Vintasoft.Imaging.FormsProcessing.Ocr,False,2018-04-13T11:54:23.073+00:00,False,False,Classes that define OCR form fields. Classes that define how OCR form fields must be shown in WinForms image viewer. Classes that define how user can interact with OCR form fields in WinForms image viewer.,"Vintasoft,Imaging,.net,sdk,library,vb.net,c#,document,image,recognize,OCR,text,form,field,WinForms,viewer,view,interact,edit",3111,False,1.5.17.1
VintaSoft Ltd.,2017-10-06T13:36:44.57Z,7,196,Classes that define OCR form fields. Classes that define how OCR form fields must be shown in WinForms image viewer. Classes that define how user can interact with OCR form fields in WinForms image viewer.,Vintasoft.Imaging.FormsProcessing.Ocr,False,2018-04-13T11:54:23.073+00:00,False,False,Classes that define OCR form fields. Classes that define how OCR form fields must be shown in WinForms image viewer. Classes that define how user can interact with OCR form fields in WinForms image viewer.,"Vintasoft,Imaging,.net,sdk,library,vb.net,c#,document,image,recognize,OCR,text,form,field,WinForms,viewer,view,interact,edit",3111,False,1.5.13.1
VintaSoft Ltd.,2017-10-20T12:39:44.123Z,7,182,Classes that define OCR form fields. Classes that define how OCR form fields must be shown in WinForms image viewer. Classes that define how user can interact with OCR form fields in WinForms image viewer.,Vintasoft.Imaging.FormsProcessing.Ocr,False,2018-04-13T11:54:23.073+00:00,False,False,Classes that define OCR form fields. Classes that define how OCR form fields must be shown in WinForms image viewer. Classes that define how user can interact with OCR form fields in WinForms image viewer.,"Vintasoft,Imaging,.net,sdk,library,vb.net,c#,document,image,recognize,OCR,text,form,field,WinForms,viewer,view,interact,edit",3111,False,1.5.14.1
VintaSoft Ltd.,2017-11-08T14:41:46.193Z,7,163,Classes that define OCR form fields. Classes that define how OCR form fields must be shown in WinForms image viewer. Classes that define how user can interact with OCR form fields in WinForms image viewer.,Vintasoft.Imaging.FormsProcessing.Ocr,False,2018-04-13T11:54:23.073+00:00,False,False,Classes that define OCR form fields. Classes that define how OCR form fields must be shown in WinForms image viewer. Classes that define how user can interact with OCR form fields in WinForms image viewer.,"Vintasoft,Imaging,.net,sdk,library,vb.net,c#,document,image,recognize,OCR,text,form,field,WinForms,viewer,view,interact,edit",3111,False,1.5.15.1
VintaSoft Ltd.,2017-11-17T12:50:03.07Z,7,154,Classes that define OCR form fields. Classes that define how OCR form fields must be shown in WinForms image viewer. Classes that define how user can interact with OCR form fields in WinForms image viewer.,Vintasoft.Imaging.FormsProcessing.Ocr,False,2018-04-13T11:54:23.073+00:00,False,False,Classes that define OCR form fields. Classes that define how OCR form fields must be shown in WinForms image viewer. Classes that define how user can interact with OCR form fields in WinForms image viewer.,"Vintasoft,Imaging,.net,sdk,library,vb.net,c#,document,image,recognize,OCR,text,form,field,WinForms,viewer,view,interact,edit",3111,False,1.5.16.1
VintaSoft Ltd.,2017-09-08T12:21:04.513Z,7,224,Classes that define OCR form fields. Classes that define how OCR form fields must be shown in WinForms image viewer. Classes that define how user can interact with OCR form fields in WinForms image viewer.,Vintasoft.Imaging.FormsProcessing.Ocr,False,2018-04-13T11:54:23.073+00:00,False,False,Classes that define OCR form fields. Classes that define how OCR form fields must be shown in WinForms image viewer. Classes that define how user can interact with OCR form fields in WinForms image viewer.,"Vintasoft,Imaging,.net,sdk,library,vb.net,c#,document,image,recognize,OCR,text,form,field,WinForms,viewer,view,interact,edit",3111,False,1.5.10.1
VintaSoft Ltd.,2017-09-19T13:06:00.47Z,7,213,Classes that define OCR form fields. Classes that define how OCR form fields must be shown in WinForms image viewer. Classes that define how user can interact with OCR form fields in WinForms image viewer.,Vintasoft.Imaging.FormsProcessing.Ocr,False,2018-04-13T11:54:23.073+00:00,False,False,Classes that define OCR form fields. Classes that define how OCR form fields must be shown in WinForms image viewer. Classes that define how user can interact with OCR form fields in WinForms image viewer.,"Vintasoft,Imaging,.net,sdk,library,vb.net,c#,document,image,recognize,OCR,text,form,field,WinForms,viewer,view,interact,edit",3111,False,1.5.11.1
VintaSoft Ltd.,2017-10-02T12:40:26.617Z,7,200,Classes that define OCR form fields. Classes that define how OCR form fields must be shown in WinForms image viewer. Classes that define how user can interact with OCR form fields in WinForms image viewer.,Vintasoft.Imaging.FormsProcessing.Ocr,False,2018-04-13T11:54:23.073+00:00,False,False,Classes that define OCR form fields. Classes that define how OCR form fields must be shown in WinForms image viewer. Classes that define how user can interact with OCR form fields in WinForms image viewer.,"Vintasoft,Imaging,.net,sdk,library,vb.net,c#,document,image,recognize,OCR,text,form,field,WinForms,viewer,view,interact,edit",3111,False,1.5.12.1
VintaSoft Ltd.,2017-08-03T11:54:42.077Z,7,260,Classes that define OCR form fields. Classes that define how OCR form fields must be shown in WinForms image viewer. Classes that define how user can interact with OCR form fields in WinForms image viewer.,Vintasoft.Imaging.FormsProcessing.Ocr,False,2018-04-13T11:54:23.073+00:00,False,False,Classes that define OCR form fields. Classes that define how OCR form fields must be shown in WinForms image viewer. Classes that define how user can interact with OCR form fields in WinForms image viewer.,"Vintasoft,Imaging,.net,sdk,library,vb.net,c#,document,image,recognize,OCR,text,form,field,WinForms,viewer,view,interact,edit",3111,False,1.5.7.1
VintaSoft Ltd.,2017-07-20T11:46:28.683Z,7,274,Classes that define OCR form fields. Classes that define how OCR form fields must be shown in WinForms image viewer. Classes that define how user can interact with OCR form fields in WinForms image viewer.,Vintasoft.Imaging.FormsProcessing.Ocr,False,2018-04-13T11:54:23.073+00:00,False,False,Classes that define OCR form fields. Classes that define how OCR form fields must be shown in WinForms image viewer. Classes that define how user can interact with OCR form fields in WinForms image viewer.,"Vintasoft,Imaging,.net,sdk,library,vb.net,c#,document,image,recognize,OCR,text,form,field,WinForms,viewer,view,interact,edit",3111,False,1.5.6.1
VintaSoft Ltd.,2017-07-06T18:34:41.48Z,7,288,Classes that define OCR form fields. Classes that define how OCR form fields must be shown in WinForms image viewer. Classes that define how user can interact with OCR form fields in WinForms image viewer.,Vintasoft.Imaging.FormsProcessing.Ocr,False,2018-04-13T11:54:23.073+00:00,False,False,Classes that define OCR form fields. Classes that define how OCR form fields must be shown in WinForms image viewer. Classes that define how user can interact with OCR form fields in WinForms image viewer.,"Vintasoft,Imaging,.net,sdk,library,vb.net,c#,document,image,recognize,OCR,text,form,field,WinForms,viewer,view,interact,edit",3111,False,1.5.5.1
VintaSoft Ltd.,2017-08-16T12:46:57.72Z,7,247,Classes that define OCR form fields. Classes that define how OCR form fields must be shown in WinForms image viewer. Classes that define how user can interact with OCR form fields in WinForms image viewer.,Vintasoft.Imaging.FormsProcessing.Ocr,False,2018-04-13T11:54:23.073+00:00,False,False,Classes that define OCR form fields. Classes that define how OCR form fields must be shown in WinForms image viewer. Classes that define how user can interact with OCR form fields in WinForms image viewer.,"Vintasoft,Imaging,.net,sdk,library,vb.net,c#,document,image,recognize,OCR,text,form,field,WinForms,viewer,view,interact,edit",3111,False,1.5.8.1
VintaSoft Ltd.,2017-06-21T13:02:13.517Z,7,303,Classes that define OCR form fields. Classes that define how OCR form fields must be shown in WinForms image viewer. Classes that define how user can interact with OCR form fields in WinForms image viewer.,Vintasoft.Imaging.FormsProcessing.Ocr,False,2018-04-13T11:54:23.073+00:00,False,False,Classes that define OCR form fields. Classes that define how OCR form fields must be shown in WinForms image viewer. Classes that define how user can interact with OCR form fields in WinForms image viewer.,"Vintasoft,Imaging,.net,sdk,library,vb.net,c#,document,image,recognize,OCR,text,form,field,WinForms,viewer,view,interact,edit",3111,False,1.5.4.1
VintaSoft Ltd.,2017-05-29T08:20:10.993Z,7,326,Classes that define OCR form fields. Classes that define how OCR form fields must be shown in WinForms image viewer. Classes that define how user can interact with OCR form fields in WinForms image viewer.,Vintasoft.Imaging.FormsProcessing.Ocr,False,2018-04-13T11:54:23.073+00:00,False,False,Classes that define OCR form fields. Classes that define how OCR form fields must be shown in WinForms image viewer. Classes that define how user can interact with OCR form fields in WinForms image viewer.,"Vintasoft,Imaging,.net,sdk,library,vb.net,c#,document,image,recognize,OCR,text,form,field,WinForms,viewer,view,interact,edit",3111,False,1.5.3.2
VintaSoft Ltd.,2017-05-05T12:06:41.753Z,7,350,Classes that define OCR form fields. Classes that define how OCR form fields must be shown in WinForms image viewer. Classes that define how user can interact with OCR form fields in WinForms image viewer.,Vintasoft.Imaging.FormsProcessing.Ocr,False,2018-04-13T11:54:23.073+00:00,False,False,Classes that define OCR form fields. Classes that define how OCR form fields must be shown in WinForms image viewer. Classes that define how user can interact with OCR form fields in WinForms image viewer.,"Vintasoft,Imaging,.net,sdk,library,vb.net,c#,document,image,recognize,OCR,text,form,field,WinForms,viewer,view,interact,edit",3111,False,1.5.1.1
VintaSoft Ltd.,2017-03-03T08:40:43.877Z,7,413,Classes that define OCR form fields. Classes that define how OCR form fields must be shown in WinForms image viewer. Classes that define how user can interact with OCR form fields in WinForms image viewer.,Vintasoft.Imaging.FormsProcessing.Ocr,False,2018-04-13T11:54:23.073+00:00,False,False,Classes that define OCR form fields. Classes that define how OCR form fields must be shown in WinForms image viewer. Classes that define how user can interact with OCR form fields in WinForms image viewer.,"Vintasoft,Imaging,.net,sdk,library,vb.net,c#,document,image,recognize,OCR,text,form,field,WinForms,viewer,view,interact,edit",3111,False,1.4.17.1
"Bruno Lowagie,Paulo Soares,et al.",2015-05-07T15:06:27.773Z,79,1079,Adds PDF/A-related functionality for iTextSharp.,itextsharp.pdfa,False,2018-01-31T08:41:52.533+00:00,True,False,"Extra functionality for iTextSharp, a free port of the iText open source java library for PDF generation written entirely in C# for the .NET platform.","itext,itextsharp,c#,csharp,.net,pdf,pdfa",81467,False,5.5.6
VintaSoft Ltd.,2017-02-10T15:00:32.723Z,7,434,Classes that define OCR form fields. Classes that define how OCR form fields must be shown in WinForms image viewer. Classes that define how user can interact with OCR form fields in WinForms image viewer.,Vintasoft.Imaging.FormsProcessing.Ocr,False,2018-04-13T11:54:23.073+00:00,False,False,Classes that define OCR form fields. Classes that define how OCR form fields must be shown in WinForms image viewer. Classes that define how user can interact with OCR form fields in WinForms image viewer.,"Vintasoft,Imaging,.net,sdk,library,vb.net,c#,document,image,recognize,OCR,text,form,field,WinForms,viewer,view,interact,edit",3111,False,1.4.15.1
VintaSoft Ltd.,2017-01-27T08:32:36.49Z,7,448,Classes that define OCR form fields. Classes that define how OCR form fields must be shown in WinForms image viewer. Classes that define how user can interact with OCR form fields in WinForms image viewer.,Vintasoft.Imaging.FormsProcessing.Ocr,False,2018-04-13T11:54:23.073+00:00,False,False,Classes that define OCR form fields. Classes that define how OCR form fields must be shown in WinForms image viewer. Classes that define how user can interact with OCR form fields in WinForms image viewer.,"Vintasoft,Imaging,.net,sdk,library,vb.net,c#,document,image,recognize,OCR,text,form,field,WinForms,viewer,view,interact,edit",3111,False,1.4.13.1
VintaSoft Ltd.,2017-01-20T08:59:16.193Z,7,455,Classes that define OCR form fields. Classes that define how OCR form fields must be shown in WinForms image viewer. Classes that define how user can interact with OCR form fields in WinForms image viewer.,Vintasoft.Imaging.FormsProcessing.Ocr,False,2018-04-13T11:54:23.073+00:00,False,False,Classes that define OCR form fields. Classes that define how OCR form fields must be shown in WinForms image viewer. Classes that define how user can interact with OCR form fields in WinForms image viewer.,"Vintasoft,Imaging,.net,sdk,library,vb.net,c#,document,image,recognize,OCR,text,form,field,WinForms,viewer,view,interact,edit",3111,False,1.4.12.1
VintaSoft Ltd.,2017-01-19T09:34:31.993Z,7,456,Classes that define OCR form fields. Classes that define how OCR form fields must be shown in WinForms image viewer. Classes that define how user can interact with OCR form fields in WinForms image viewer.,Vintasoft.Imaging.FormsProcessing.Ocr,False,2018-04-13T11:54:23.073+00:00,False,False,Classes that define OCR form fields. Classes that define how OCR form fields must be shown in WinForms image viewer. Classes that define how user can interact with OCR form fields in WinForms image viewer.,"Vintasoft,Imaging,.net,sdk,library,vb.net,c#,document,image,recognize,OCR,text,form,field,WinForms,viewer,view,interact,edit",3111,False,1.4.11.1
VintaSoft Ltd.,2017-12-27T12:35:18.797Z,7,114,"Process th document images and PDF documents in ASP.NET application. WCF service for processing of document images. JavaScript classes and controls for viewing, printing and processing of images and PDF documents in any HTML (SVG) web browser.",Vintasoft.Imaging.DocCleanup.Web.WcfServices,False,2018-04-13T12:01:13.43+00:00,False,False,"Process th document images and PDF documents in ASP.NET application. WCF service for processing of document images. JavaScript classes and controls for viewing, printing and processing of images and PDF documents in any HTML (SVG) web browser.","Vintasoft,Imaging,.net,sdk,library,asp.net,WebForms,application,web,WCF,service,document,image,processing,process,view,viewer,HTML,SVG,vb.net,c#",2493,False,1.6.1.1
VintaSoft Ltd.,2018-01-25T09:20:33.68Z,7,85,"Process th document images and PDF documents in ASP.NET application. WCF service for processing of document images. JavaScript classes and controls for viewing, printing and processing of images and PDF documents in any HTML (SVG) web browser.",Vintasoft.Imaging.DocCleanup.Web.WcfServices,False,2018-04-13T12:01:13.43+00:00,False,False,"Process th document images and PDF documents in ASP.NET application. WCF service for processing of document images. JavaScript classes and controls for viewing, printing and processing of images and PDF documents in any HTML (SVG) web browser.","Vintasoft,Imaging,.net,sdk,library,asp.net,WebForms,application,web,WCF,service,document,image,processing,process,view,viewer,HTML,SVG,vb.net,c#",2493,False,1.6.3.1
VintaSoft Ltd.,2018-01-12T13:43:27.417Z,7,98,"Process th document images and PDF documents in ASP.NET application. WCF service for processing of document images. JavaScript classes and controls for viewing, printing and processing of images and PDF documents in any HTML (SVG) web browser.",Vintasoft.Imaging.DocCleanup.Web.WcfServices,False,2018-04-13T12:01:13.43+00:00,False,False,"Process th document images and PDF documents in ASP.NET application. WCF service for processing of document images. JavaScript classes and controls for viewing, printing and processing of images and PDF documents in any HTML (SVG) web browser.","Vintasoft,Imaging,.net,sdk,library,asp.net,WebForms,application,web,WCF,service,document,image,processing,process,view,viewer,HTML,SVG,vb.net,c#",2493,False,1.6.2.1
"Bruno Lowagie,Paulo Soares",2016-06-16T20:21:33.783Z,673,673,A fork of iTextSharp (LGPL / MPL) 4.1.6 that includes Bouncy Castle as a NuGet package instead of directly including the source code.,iTextSharp-LGPL-BouncyCastle,False,2016-06-16T20:21:33.783+00:00,True,False,,"pdf,itext,itextsharp",1449,False,4.1.7
VintaSoft Ltd.,2017-12-15T12:37:47.63Z,7,126,"Process th document images and PDF documents in ASP.NET application. WCF service for processing of document images. JavaScript classes and controls for viewing, printing and processing of images and PDF documents in any HTML (SVG) web browser.",Vintasoft.Imaging.DocCleanup.Web.WcfServices,False,2018-04-13T12:01:13.43+00:00,False,False,"Process th document images and PDF documents in ASP.NET application. WCF service for processing of document images. JavaScript classes and controls for viewing, printing and processing of images and PDF documents in any HTML (SVG) web browser.","Vintasoft,Imaging,.net,sdk,library,asp.net,WebForms,application,web,WCF,service,document,image,processing,process,view,viewer,HTML,SVG,vb.net,c#",2493,False,1.6.0.1
VintaSoft Ltd.,2017-12-01T09:52:41.04Z,7,140,"Process th document images and PDF documents in ASP.NET application. WCF service for processing of document images. JavaScript classes and controls for viewing, printing and processing of images and PDF documents in any HTML (SVG) web browser.",Vintasoft.Imaging.DocCleanup.Web.WcfServices,False,2018-04-13T12:01:13.43+00:00,False,False,"Process th document images and PDF documents in ASP.NET application. WCF service for processing of document images. JavaScript classes and controls for viewing, printing and processing of images and PDF documents in any HTML (SVG) web browser.","Vintasoft,Imaging,.net,sdk,library,asp.net,WebForms,application,web,WCF,service,document,image,processing,process,view,viewer,HTML,SVG,vb.net,c#",2493,False,1.5.17.1
VintaSoft Ltd.,2017-11-17T12:54:58.703Z,7,154,"Process th document images and PDF documents in ASP.NET application. WCF service for processing of document images. JavaScript classes and controls for viewing, printing and processing of images and PDF documents in any HTML (SVG) web browser.",Vintasoft.Imaging.DocCleanup.Web.WcfServices,False,2018-04-13T12:01:13.43+00:00,False,False,"Process th document images and PDF documents in ASP.NET application. WCF service for processing of document images. JavaScript classes and controls for viewing, printing and processing of images and PDF documents in any HTML (SVG) web browser.","Vintasoft,Imaging,.net,sdk,library,asp.net,WebForms,application,web,WCF,service,document,image,processing,process,view,viewer,HTML,SVG,vb.net,c#",2493,False,1.5.16.1
VintaSoft Ltd.,2017-11-08T14:47:47.343Z,7,163,"Process th document images and PDF documents in ASP.NET application. WCF service for processing of document images. JavaScript classes and controls for viewing, printing and processing of images and PDF documents in any HTML (SVG) web browser.",Vintasoft.Imaging.DocCleanup.Web.WcfServices,False,2018-04-13T12:01:13.43+00:00,False,False,"Process th document images and PDF documents in ASP.NET application. WCF service for processing of document images. JavaScript classes and controls for viewing, printing and processing of images and PDF documents in any HTML (SVG) web browser.","Vintasoft,Imaging,.net,sdk,library,asp.net,WebForms,application,web,WCF,service,document,image,processing,process,view,viewer,HTML,SVG,vb.net,c#",2493,False,1.5.15.1
VintaSoft Ltd.,2017-10-20T12:46:05.267Z,7,182,"Process th document images and PDF documents in ASP.NET application. WCF service for processing of document images. JavaScript classes and controls for viewing, printing and processing of images and PDF documents in any HTML (SVG) web browser.",Vintasoft.Imaging.DocCleanup.Web.WcfServices,False,2018-04-13T12:01:13.43+00:00,False,False,"Process th document images and PDF documents in ASP.NET application. WCF service for processing of document images. JavaScript classes and controls for viewing, printing and processing of images and PDF documents in any HTML (SVG) web browser.","Vintasoft,Imaging,.net,sdk,library,asp.net,WebForms,application,web,WCF,service,document,image,processing,process,view,viewer,HTML,SVG,vb.net,c#",2493,False,1.5.14.1
VintaSoft Ltd.,2017-10-06T13:41:33.427Z,7,196,"Process th document images and PDF documents in ASP.NET application. WCF service for processing of document images. JavaScript classes and controls for viewing, printing and processing of images and PDF documents in any HTML (SVG) web browser.",Vintasoft.Imaging.DocCleanup.Web.WcfServices,False,2018-04-13T12:01:13.43+00:00,False,False,"Process th document images and PDF documents in ASP.NET application. WCF service for processing of document images. JavaScript classes and controls for viewing, printing and processing of images and PDF documents in any HTML (SVG) web browser.","Vintasoft,Imaging,.net,sdk,library,asp.net,WebForms,application,web,WCF,service,document,image,processing,process,view,viewer,HTML,SVG,vb.net,c#",2493,False,1.5.13.1
VintaSoft Ltd.,2017-10-02T12:46:10.263Z,7,200,"Process th document images and PDF documents in ASP.NET application. WCF service for processing of document images. JavaScript classes and controls for viewing, printing and processing of images and PDF documents in any HTML (SVG) web browser.",Vintasoft.Imaging.DocCleanup.Web.WcfServices,False,2018-04-13T12:01:13.43+00:00,False,False,"Process th document images and PDF documents in ASP.NET application. WCF service for processing of document images. JavaScript classes and controls for viewing, printing and processing of images and PDF documents in any HTML (SVG) web browser.","Vintasoft,Imaging,.net,sdk,library,asp.net,WebForms,application,web,WCF,service,document,image,processing,process,view,viewer,HTML,SVG,vb.net,c#",2493,False,1.5.12.1
VintaSoft Ltd.,2017-09-19T13:10:39.807Z,7,213,"Process th document images and PDF documents in ASP.NET application. WCF service for processing of document images. JavaScript classes and controls for viewing, printing and processing of images and PDF documents in any HTML (SVG) web browser.",Vintasoft.Imaging.DocCleanup.Web.WcfServices,False,2018-04-13T12:01:13.43+00:00,False,False,"Process th document images and PDF documents in ASP.NET application. WCF service for processing of document images. JavaScript classes and controls for viewing, printing and processing of images and PDF documents in any HTML (SVG) web browser.","Vintasoft,Imaging,.net,sdk,library,asp.net,WebForms,application,web,WCF,service,document,image,processing,process,view,viewer,HTML,SVG,vb.net,c#",2493,False,1.5.11.1
VintaSoft Ltd.,2017-09-08T12:25:46.477Z,7,224,"Process th document images and PDF documents in ASP.NET application. WCF service for processing of document images. JavaScript classes and controls for viewing, printing and processing of images and PDF documents in any HTML (SVG) web browser.",Vintasoft.Imaging.DocCleanup.Web.WcfServices,False,2018-04-13T12:01:13.43+00:00,False,False,"Process th document images and PDF documents in ASP.NET application. WCF service for processing of document images. JavaScript classes and controls for viewing, printing and processing of images and PDF documents in any HTML (SVG) web browser.","Vintasoft,Imaging,.net,sdk,library,asp.net,WebForms,application,web,WCF,service,document,image,processing,process,view,viewer,HTML,SVG,vb.net,c#",2493,False,1.5.10.1
VintaSoft Ltd.,2017-08-16T12:51:24.94Z,7,247,"Process th document images and PDF documents in ASP.NET application. WCF service for processing of document images. JavaScript classes and controls for viewing, printing and processing of images and PDF documents in any HTML (SVG) web browser.",Vintasoft.Imaging.DocCleanup.Web.WcfServices,False,2018-04-13T12:01:13.43+00:00,False,False,"Process th document images and PDF documents in ASP.NET application. WCF service for processing of document images. JavaScript classes and controls for viewing, printing and processing of images and PDF documents in any HTML (SVG) web browser.","Vintasoft,Imaging,.net,sdk,library,asp.net,WebForms,application,web,WCF,service,document,image,processing,process,view,viewer,HTML,SVG,vb.net,c#",2493,False,1.5.8.1
VintaSoft Ltd.,2017-07-20T11:51:06.367Z,7,274,"Process th document images and PDF documents in ASP.NET application. WCF service for processing of document images. JavaScript classes and controls for viewing, printing and processing of images and PDF documents in any HTML (SVG) web browser.",Vintasoft.Imaging.DocCleanup.Web.WcfServices,False,2018-04-13T12:01:13.43+00:00,False,False,"Process th document images and PDF documents in ASP.NET application. WCF service for processing of document images. JavaScript classes and controls for viewing, printing and processing of images and PDF documents in any HTML (SVG) web browser.","Vintasoft,Imaging,.net,sdk,library,asp.net,WebForms,application,web,WCF,service,document,image,processing,process,view,viewer,HTML,SVG,vb.net,c#",2493,False,1.5.6.1
VintaSoft Ltd.,2017-07-06T18:38:56.207Z,7,288,"Process th document images and PDF documents in ASP.NET application. WCF service for processing of document images. JavaScript classes and controls for viewing, printing and processing of images and PDF documents in any HTML (SVG) web browser.",Vintasoft.Imaging.DocCleanup.Web.WcfServices,False,2018-04-13T12:01:13.43+00:00,False,False,"Process th document images and PDF documents in ASP.NET application. WCF service for processing of document images. JavaScript classes and controls for viewing, printing and processing of images and PDF documents in any HTML (SVG) web browser.","Vintasoft,Imaging,.net,sdk,library,asp.net,WebForms,application,web,WCF,service,document,image,processing,process,view,viewer,HTML,SVG,vb.net,c#",2493,False,1.5.5.1
VintaSoft Ltd.,2017-08-03T11:59:47.057Z,7,260,"Process th document images and PDF documents in ASP.NET application. WCF service for processing of document images. JavaScript classes and controls for viewing, printing and processing of images and PDF documents in any HTML (SVG) web browser.",Vintasoft.Imaging.DocCleanup.Web.WcfServices,False,2018-04-13T12:01:13.43+00:00,False,False,"Process th document images and PDF documents in ASP.NET application. WCF service for processing of document images. JavaScript classes and controls for viewing, printing and processing of images and PDF documents in any HTML (SVG) web browser.","Vintasoft,Imaging,.net,sdk,library,asp.net,WebForms,application,web,WCF,service,document,image,processing,process,view,viewer,HTML,SVG,vb.net,c#",2493,False,1.5.7.1
VintaSoft Ltd.,2017-05-29T08:26:58.67Z,7,326,"Process th document images and PDF documents in ASP.NET application. WCF service for processing of document images. JavaScript classes and controls for viewing, printing and processing of images and PDF documents in any HTML (SVG) web browser.",Vintasoft.Imaging.DocCleanup.Web.WcfServices,False,2018-04-13T12:01:13.43+00:00,False,False,"Process th document images and PDF documents in ASP.NET application. WCF service for processing of document images. JavaScript classes and controls for viewing, printing and processing of images and PDF documents in any HTML (SVG) web browser.","Vintasoft,Imaging,.net,sdk,library,asp.net,WebForms,application,web,WCF,service,document,image,processing,process,view,viewer,HTML,SVG,vb.net,c#",2493,False,1.5.3.2
VintaSoft Ltd.,2017-06-21T13:06:45.43Z,7,303,"Process th document images and PDF documents in ASP.NET application. WCF service for processing of document images. JavaScript classes and controls for viewing, printing and processing of images and PDF documents in any HTML (SVG) web browser.",Vintasoft.Imaging.DocCleanup.Web.WcfServices,False,2018-04-13T12:01:13.43+00:00,False,False,"Process th document images and PDF documents in ASP.NET application. WCF service for processing of document images. JavaScript classes and controls for viewing, printing and processing of images and PDF documents in any HTML (SVG) web browser.","Vintasoft,Imaging,.net,sdk,library,asp.net,WebForms,application,web,WCF,service,document,image,processing,process,view,viewer,HTML,SVG,vb.net,c#",2493,False,1.5.4.1
VintaSoft Ltd.,2017-05-05T12:27:04.81Z,7,350,"Process th document images and PDF documents in ASP.NET application. WCF service for processing of document images. JavaScript classes and controls for viewing, printing and processing of images and PDF documents in any HTML (SVG) web browser.",Vintasoft.Imaging.DocCleanup.Web.WcfServices,False,2018-04-13T12:01:13.43+00:00,False,False,"Process th document images and PDF documents in ASP.NET application. WCF service for processing of document images. JavaScript classes and controls for viewing, printing and processing of images and PDF documents in any HTML (SVG) web browser.","Vintasoft,Imaging,.net,sdk,library,asp.net,WebForms,application,web,WCF,service,document,image,processing,process,view,viewer,HTML,SVG,vb.net,c#",2493,False,1.5.1.1
VintaSoft Ltd.,2017-03-09T07:28:46.083Z,7,407,"WCF services for processing of document images. JavaScript classes and controls for viewing, printing and processing of images and PDF documents in any HTML (SVG) web browser.",Vintasoft.Imaging.DocCleanup.Web.WcfServices,False,2018-04-13T12:01:13.43+00:00,False,False,"WCF services for processing of document images. JavaScript classes and controls for viewing, printing and processing of images and PDF documents in any HTML (SVG) web browser.","Vintasoft,Imaging,.net,sdk,library,asp.net,WebForms,application,web,WCF,service,document,image,processing,process,view,viewer,HTML,SVG,vb.net,c#",2493,False,1.4.17.1
VintaSoft Ltd.,2018-01-25T09:13:56.717Z,7,85,"Process th document images and PDF documents in web application. A platform-independent web service for processing of document images in web application. JavaScript classes and controls for viewing, printing and processing of images and PDF documents in any HTML (SVG) or HTML5 web browser.",Vintasoft.Imaging.DocCleanup.Web.Services,False,2018-04-13T11:54:08.057+00:00,False,False,"Process th document images and PDF documents in web application. A platform-independent web service for processing of document images in web application. JavaScript classes and controls for viewing, printing and processing of images and PDF documents in any HTML (SVG) or HTML5 web browser.","Vintasoft,Imaging,.net,sdk,library,ASP.NET,WebForms,MVC,application,Web,API,WCF,HTTP,handler,ServiceStack,web,service,document,image,processing,process,view,viewer,HTML,SVG,vb.net,c#",2352,False,1.6.3.1
"Bruno Lowagie,Paulo Soares,et al.",2016-03-17T11:00:04.38Z,79,764,"iText is a PDF library that allows you to CREATE, ADAPT, INSPECT and MAINTAIN documents in the Portable Document Format (PDF):
 - Generate documents and reports based on data from an XML file or a database
 - Create maps and books, exploiting numerous interactive features available in PDF
 - Add bookmarks, page numbers, watermarks, and other features to existing PDF documents
 - Split or concatenate pages from existing PDF files
 - Fill out interactive forms
 - Serve dynamically generated or manipulated PDF documents to a web browser

 iText is used by Java, .NET, Android and GAE developers to enhance their applications with PDF functionality. 
 iTextSharp is the .NET port.

 Several iText engineers are actively supporting the project on StackOverflow: http://stackoverflow.com/questions/tagged/itext",iTextSharp,False,2018-01-31T08:41:08.407+00:00,True,False,iTextSharp is a port of the iText open source java library for PDF generation written entirely in C# for the .NET platform.,"itext,itextsharp,c#,.net,csharp,pdf",3049494,False,5.5.9
VintaSoft Ltd.,2018-01-12T13:37:32.233Z,7,98,"Process th document images and PDF documents in web application. A platform-independent web service for processing of document images in web application. JavaScript classes and controls for viewing, printing and processing of images and PDF documents in any HTML (SVG) or HTML5 web browser.",Vintasoft.Imaging.DocCleanup.Web.Services,False,2018-04-13T11:54:08.057+00:00,False,False,"Process th document images and PDF documents in web application. A platform-independent web service for processing of document images in web application. JavaScript classes and controls for viewing, printing and processing of images and PDF documents in any HTML (SVG) or HTML5 web browser.","Vintasoft,Imaging,.net,sdk,library,ASP.NET,WebForms,MVC,application,Web,API,WCF,HTTP,handler,ServiceStack,web,service,document,image,processing,process,view,viewer,HTML,SVG,vb.net,c#",2352,False,1.6.2.1
VintaSoft Ltd.,2017-12-27T12:29:24.823Z,7,114,"Process th document images and PDF documents in web application. A platform-independent web service for processing of document images in web application. JavaScript classes and controls for viewing, printing and processing of images and PDF documents in any HTML (SVG) or HTML5 web browser.",Vintasoft.Imaging.DocCleanup.Web.Services,False,2018-04-13T11:54:08.057+00:00,False,False,"Process th document images and PDF documents in web application. A platform-independent web service for processing of document images in web application. JavaScript classes and controls for viewing, printing and processing of images and PDF documents in any HTML (SVG) or HTML5 web browser.","Vintasoft,Imaging,.net,sdk,library,ASP.NET,WebForms,MVC,application,Web,API,WCF,HTTP,handler,ServiceStack,web,service,document,image,processing,process,view,viewer,HTML,SVG,vb.net,c#",2352,False,1.6.1.1
VintaSoft Ltd.,2017-12-15T12:32:06.407Z,7,126,"Process th document images and PDF documents in web application. A platform-independent web service for processing of document images in web application. JavaScript classes and controls for viewing, printing and processing of images and PDF documents in any HTML (SVG) or HTML5 web browser.",Vintasoft.Imaging.DocCleanup.Web.Services,False,2018-04-13T11:54:08.057+00:00,False,False,"Process th document images and PDF documents in web application. A platform-independent web service for processing of document images in web application. JavaScript classes and controls for viewing, printing and processing of images and PDF documents in any HTML (SVG) or HTML5 web browser.","Vintasoft,Imaging,.net,sdk,library,ASP.NET,WebForms,MVC,application,Web,API,WCF,HTTP,handler,ServiceStack,web,service,document,image,processing,process,view,viewer,HTML,SVG,vb.net,c#",2352,False,1.6.0.1
VintaSoft Ltd.,2017-12-01T09:47:12.52Z,7,140,"Process th document images and PDF documents in web application. A platform-independent web service for processing of document images in web application. JavaScript classes and controls for viewing, printing and processing of images and PDF documents in any HTML (SVG) or HTML5 web browser.",Vintasoft.Imaging.DocCleanup.Web.Services,False,2018-04-13T11:54:08.057+00:00,False,False,"Process th document images and PDF documents in web application. A platform-independent web service for processing of document images in web application. JavaScript classes and controls for viewing, printing and processing of images and PDF documents in any HTML (SVG) or HTML5 web browser.","Vintasoft,Imaging,.net,sdk,library,ASP.NET,WebForms,MVC,application,Web,API,WCF,HTTP,handler,ServiceStack,web,service,document,image,processing,process,view,viewer,HTML,SVG,vb.net,c#",2352,False,1.5.17.1
VintaSoft Ltd.,2017-10-06T13:36:29.887Z,7,196,"Process th document images and PDF documents in web application. A platform-independent web service for processing of document images in web application. JavaScript classes and controls for viewing, printing and processing of images and PDF documents in any HTML (SVG) or HTML5 web browser.",Vintasoft.Imaging.DocCleanup.Web.Services,False,2018-04-13T11:54:08.057+00:00,False,False,"Process th document images and PDF documents in web application. A platform-independent web service for processing of document images in web application. JavaScript classes and controls for viewing, printing and processing of images and PDF documents in any HTML (SVG) or HTML5 web browser.","Vintasoft,Imaging,.net,sdk,library,ASP.NET,WebForms,MVC,application,Web,API,WCF,HTTP,handler,ServiceStack,web,service,document,image,processing,process,view,viewer,HTML,SVG,vb.net,c#",2352,False,1.5.13.1
VintaSoft Ltd.,2017-10-20T12:39:29.39Z,7,182,"Process th document images and PDF documents in web application. A platform-independent web service for processing of document images in web application. JavaScript classes and controls for viewing, printing and processing of images and PDF documents in any HTML (SVG) or HTML5 web browser.",Vintasoft.Imaging.DocCleanup.Web.Services,False,2018-04-13T11:54:08.057+00:00,False,False,"Process th document images and PDF documents in web application. A platform-independent web service for processing of document images in web application. JavaScript classes and controls for viewing, printing and processing of images and PDF documents in any HTML (SVG) or HTML5 web browser.","Vintasoft,Imaging,.net,sdk,library,ASP.NET,WebForms,MVC,application,Web,API,WCF,HTTP,handler,ServiceStack,web,service,document,image,processing,process,view,viewer,HTML,SVG,vb.net,c#",2352,False,1.5.14.1
VintaSoft Ltd.,2017-11-17T12:49:49.353Z,7,154,"Process th document images and PDF documents in web application. A platform-independent web service for processing of document images in web application. JavaScript classes and controls for viewing, printing and processing of images and PDF documents in any HTML (SVG) or HTML5 web browser.",Vintasoft.Imaging.DocCleanup.Web.Services,False,2018-04-13T11:54:08.057+00:00,False,False,"Process th document images and PDF documents in web application. A platform-independent web service for processing of document images in web application. JavaScript classes and controls for viewing, printing and processing of images and PDF documents in any HTML (SVG) or HTML5 web browser.","Vintasoft,Imaging,.net,sdk,library,ASP.NET,WebForms,MVC,application,Web,API,WCF,HTTP,handler,ServiceStack,web,service,document,image,processing,process,view,viewer,HTML,SVG,vb.net,c#",2352,False,1.5.16.1
VintaSoft Ltd.,2017-11-08T14:41:31.133Z,7,163,"Process th document images and PDF documents in web application. A platform-independent web service for processing of document images in web application. JavaScript classes and controls for viewing, printing and processing of images and PDF documents in any HTML (SVG) or HTML5 web browser.",Vintasoft.Imaging.DocCleanup.Web.Services,False,2018-04-13T11:54:08.057+00:00,False,False,"Process th document images and PDF documents in web application. A platform-independent web service for processing of document images in web application. JavaScript classes and controls for viewing, printing and processing of images and PDF documents in any HTML (SVG) or HTML5 web browser.","Vintasoft,Imaging,.net,sdk,library,ASP.NET,WebForms,MVC,application,Web,API,WCF,HTTP,handler,ServiceStack,web,service,document,image,processing,process,view,viewer,HTML,SVG,vb.net,c#",2352,False,1.5.15.1
VintaSoft Ltd.,2017-09-08T12:20:51.73Z,7,224,"Process th document images and PDF documents in web application. A platform-independent web service for processing of document images in web application. JavaScript classes and controls for viewing, printing and processing of images and PDF documents in any HTML (SVG) or HTML5 web browser.",Vintasoft.Imaging.DocCleanup.Web.Services,False,2018-04-13T11:54:08.057+00:00,False,False,"Process th document images and PDF documents in web application. A platform-independent web service for processing of document images in web application. JavaScript classes and controls for viewing, printing and processing of images and PDF documents in any HTML (SVG) or HTML5 web browser.","Vintasoft,Imaging,.net,sdk,library,ASP.NET,WebForms,MVC,application,Web,API,WCF,HTTP,handler,ServiceStack,web,service,document,image,processing,process,view,viewer,HTML,SVG,vb.net,c#",2352,False,1.5.10.1
Albert Zakiev,2018-02-16T18:07:19.93Z,31,63,ASP.NET Core middleware that enables an application to support Vkontakte OAuth 2.0 authentication workflow.,Brik.Security.VkontakteMiddleware,False,2018-03-20T19:14:47.83+00:00,True,False,,"aspnetcore,authentication,security,vk,vkontakte",1220,False,2.0.1
VintaSoft Ltd.,2017-08-16T12:46:46.11Z,7,247,"Process th document images and PDF documents in web application. A platform-independent web service for processing of document images in web application. JavaScript classes and controls for viewing, printing and processing of images and PDF documents in any HTML (SVG) or HTML5 web browser.",Vintasoft.Imaging.DocCleanup.Web.Services,False,2018-04-13T11:54:08.057+00:00,False,False,"Process th document images and PDF documents in web application. A platform-independent web service for processing of document images in web application. JavaScript classes and controls for viewing, printing and processing of images and PDF documents in any HTML (SVG) or HTML5 web browser.","Vintasoft,Imaging,.net,sdk,library,ASP.NET,WebForms,MVC,application,Web,API,WCF,HTTP,handler,ServiceStack,web,service,document,image,processing,process,view,viewer,HTML,SVG,vb.net,c#",2352,False,1.5.8.1
VintaSoft Ltd.,2017-09-19T13:05:46.92Z,7,213,"Process th document images and PDF documents in web application. A platform-independent web service for processing of document images in web application. JavaScript classes and controls for viewing, printing and processing of images and PDF documents in any HTML (SVG) or HTML5 web browser.",Vintasoft.Imaging.DocCleanup.Web.Services,False,2018-04-13T11:54:08.057+00:00,False,False,"Process th document images and PDF documents in web application. A platform-independent web service for processing of document images in web application. JavaScript classes and controls for viewing, printing and processing of images and PDF documents in any HTML (SVG) or HTML5 web browser.","Vintasoft,Imaging,.net,sdk,library,ASP.NET,WebForms,MVC,application,Web,API,WCF,HTTP,handler,ServiceStack,web,service,document,image,processing,process,view,viewer,HTML,SVG,vb.net,c#",2352,False,1.5.11.1
VintaSoft Ltd.,2017-10-02T12:40:10.1Z,7,200,"Process th document images and PDF documents in web application. A platform-independent web service for processing of document images in web application. JavaScript classes and controls for viewing, printing and processing of images and PDF documents in any HTML (SVG) or HTML5 web browser.",Vintasoft.Imaging.DocCleanup.Web.Services,False,2018-04-13T11:54:08.057+00:00,False,False,"Process th document images and PDF documents in web application. A platform-independent web service for processing of document images in web application. JavaScript classes and controls for viewing, printing and processing of images and PDF documents in any HTML (SVG) or HTML5 web browser.","Vintasoft,Imaging,.net,sdk,library,ASP.NET,WebForms,MVC,application,Web,API,WCF,HTTP,handler,ServiceStack,web,service,document,image,processing,process,view,viewer,HTML,SVG,vb.net,c#",2352,False,1.5.12.1
VintaSoft Ltd.,2017-08-03T11:54:28.31Z,7,260,"Process th document images and PDF documents in web application. A platform-independent web service for processing of document images in web application. JavaScript classes and controls for viewing, printing and processing of images and PDF documents in any HTML (SVG) or HTML5 web browser.",Vintasoft.Imaging.DocCleanup.Web.Services,False,2018-04-13T11:54:08.057+00:00,False,False,"Process th document images and PDF documents in web application. A platform-independent web service for processing of document images in web application. JavaScript classes and controls for viewing, printing and processing of images and PDF documents in any HTML (SVG) or HTML5 web browser.","Vintasoft,Imaging,.net,sdk,library,ASP.NET,WebForms,MVC,application,Web,API,WCF,HTTP,handler,ServiceStack,web,service,document,image,processing,process,view,viewer,HTML,SVG,vb.net,c#",2352,False,1.5.7.1
VintaSoft Ltd.,2017-07-20T11:46:16.607Z,7,274,"Process th document images and PDF documents in web application. A platform-independent web service for processing of document images in web application. JavaScript classes and controls for viewing, printing and processing of images and PDF documents in any HTML (SVG) or HTML5 web browser.",Vintasoft.Imaging.DocCleanup.Web.Services,False,2018-04-13T11:54:08.057+00:00,False,False,"Process th document images and PDF documents in web application. A platform-independent web service for processing of document images in web application. JavaScript classes and controls for viewing, printing and processing of images and PDF documents in any HTML (SVG) or HTML5 web browser.","Vintasoft,Imaging,.net,sdk,library,ASP.NET,WebForms,MVC,application,Web,API,WCF,HTTP,handler,ServiceStack,web,service,document,image,processing,process,view,viewer,HTML,SVG,vb.net,c#",2352,False,1.5.6.1
VintaSoft Ltd.,2017-07-06T18:34:29.993Z,7,288,"Process th document images and PDF documents in web application. A platform-independent web service for processing of document images in web application. JavaScript classes and controls for viewing, printing and processing of images and PDF documents in any HTML (SVG) or HTML5 web browser.",Vintasoft.Imaging.DocCleanup.Web.Services,False,2018-04-13T11:54:08.057+00:00,False,False,"Process th document images and PDF documents in web application. A platform-independent web service for processing of document images in web application. JavaScript classes and controls for viewing, printing and processing of images and PDF documents in any HTML (SVG) or HTML5 web browser.","Vintasoft,Imaging,.net,sdk,library,ASP.NET,WebForms,MVC,application,Web,API,WCF,HTTP,handler,ServiceStack,web,service,document,image,processing,process,view,viewer,HTML,SVG,vb.net,c#",2352,False,1.5.5.1
"Bruno Lowagie,Paulo Soares,et al.",2015-11-30T20:33:24.39Z,79,872,"iText is a PDF library that allows you to CREATE, ADAPT, INSPECT and MAINTAIN documents in the Portable Document Format (PDF):
 - Generate documents and reports based on data from an XML file or a database
 - Create maps and books, exploiting numerous interactive features available in PDF
 - Add bookmarks, page numbers, watermarks, and other features to existing PDF documents
 - Split or concatenate pages from existing PDF files
 - Fill out interactive forms
 - Serve dynamically generated or manipulated PDF documents to a web browser

 iText is used by Java, .NET, Android and GAE developers to enhance their applications with PDF functionality. 
 iTextSharp is the .NET port.

 Several iText engineers are actively supporting the project on StackOverflow: http://stackoverflow.com/questions/tagged/itext",iTextSharp,False,2018-01-31T08:41:08.407+00:00,True,False,iTextSharp is a port of the iText open source java library for PDF generation written entirely in C# for the .NET platform.,"itext,itextsharp,c#,.net,csharp,pdf",3049494,False,5.5.8
VintaSoft Ltd.,2017-06-21T13:01:59.093Z,7,303,"Process th document images and PDF documents in web application. A platform-independent web service for processing of document images in web application. JavaScript classes and controls for viewing, printing and processing of images and PDF documents in any HTML (SVG) or HTML5 web browser.",Vintasoft.Imaging.DocCleanup.Web.Services,False,2018-04-13T11:54:08.057+00:00,False,False,"Process th document images and PDF documents in web application. A platform-independent web service for processing of document images in web application. JavaScript classes and controls for viewing, printing and processing of images and PDF documents in any HTML (SVG) or HTML5 web browser.","Vintasoft,Imaging,.net,sdk,library,ASP.NET,WebForms,MVC,application,Web,API,WCF,HTTP,handler,ServiceStack,web,service,document,image,processing,process,view,viewer,HTML,SVG,vb.net,c#",2352,False,1.5.4.1
VintaSoft Ltd.,2017-05-29T08:19:51.46Z,7,326,"Process th document images and PDF documents in web application. A platform-independent web service for processing of document images in web application. JavaScript classes and controls for viewing, printing and processing of images and PDF documents in any HTML (SVG) or HTML5 web browser.",Vintasoft.Imaging.DocCleanup.Web.Services,False,2018-04-13T11:54:08.057+00:00,False,False,"Process th document images and PDF documents in web application. A platform-independent web service for processing of document images in web application. JavaScript classes and controls for viewing, printing and processing of images and PDF documents in any HTML (SVG) or HTML5 web browser.","Vintasoft,Imaging,.net,sdk,library,ASP.NET,WebForms,MVC,application,Web,API,WCF,HTTP,handler,ServiceStack,web,service,document,image,processing,process,view,viewer,HTML,SVG,vb.net,c#",2352,False,1.5.3.2
VintaSoft Ltd.,2017-05-05T12:06:01.58Z,7,350,"Process th document images and PDF documents in web application. A platform-independent web service for processing of document images in web application. JavaScript classes and controls for viewing, printing and processing of images and PDF documents in any HTML (SVG) or HTML5 web browser.",Vintasoft.Imaging.DocCleanup.Web.Services,False,2018-04-13T11:54:08.057+00:00,False,False,"Process th document images and PDF documents in web application. A platform-independent web service for processing of document images in web application. JavaScript classes and controls for viewing, printing and processing of images and PDF documents in any HTML (SVG) or HTML5 web browser.","Vintasoft,Imaging,.net,sdk,library,ASP.NET,WebForms,MVC,application,Web,API,WCF,HTTP,handler,ServiceStack,web,service,document,image,processing,process,view,viewer,HTML,SVG,vb.net,c#",2352,False,1.5.1.1
VintaSoft Ltd.,2018-01-25T09:20:19.01Z,7,85,"Process th document images and PDF documents in ASP.NET application. HTTP handler for processing of document images. JavaScript classes and controls for viewing, printing and processing of images and PDF documents in any HTML (SVG) web browser.",Vintasoft.Imaging.DocCleanup.Web.HttpHandlers,False,2018-04-13T12:00:56.603+00:00,False,False,"Process th document images and PDF documents in ASP.NET application. HTTP handler for processing of document images. JavaScript classes and controls for viewing, printing and processing of images and PDF documents in any HTML (SVG) web browser.","Vintasoft,Imaging,.net,sdk,library,asp.net,WebForms,application,web,HTTP,handler,document,image,processing,process,view,viewer,HTML,SVG,vb.net,c#",2531,False,1.6.3.1
VintaSoft Ltd.,2018-01-12T13:43:11.587Z,7,98,"Process th document images and PDF documents in ASP.NET application. HTTP handler for processing of document images. JavaScript classes and controls for viewing, printing and processing of images and PDF documents in any HTML (SVG) web browser.",Vintasoft.Imaging.DocCleanup.Web.HttpHandlers,False,2018-04-13T12:00:56.603+00:00,False,False,"Process th document images and PDF documents in ASP.NET application. HTTP handler for processing of document images. JavaScript classes and controls for viewing, printing and processing of images and PDF documents in any HTML (SVG) web browser.","Vintasoft,Imaging,.net,sdk,library,asp.net,WebForms,application,web,HTTP,handler,document,image,processing,process,view,viewer,HTML,SVG,vb.net,c#",2531,False,1.6.2.1
VintaSoft Ltd.,2017-12-27T12:35:05.06Z,7,114,"Process th document images and PDF documents in ASP.NET application. HTTP handler for processing of document images. JavaScript classes and controls for viewing, printing and processing of images and PDF documents in any HTML (SVG) web browser.",Vintasoft.Imaging.DocCleanup.Web.HttpHandlers,False,2018-04-13T12:00:56.603+00:00,False,False,"Process th document images and PDF documents in ASP.NET application. HTTP handler for processing of document images. JavaScript classes and controls for viewing, printing and processing of images and PDF documents in any HTML (SVG) web browser.","Vintasoft,Imaging,.net,sdk,library,asp.net,WebForms,application,web,HTTP,handler,document,image,processing,process,view,viewer,HTML,SVG,vb.net,c#",2531,False,1.6.1.1
VintaSoft Ltd.,2017-08-16T12:51:09.52Z,7,247,"Process th document images and PDF documents in ASP.NET application. HTTP handler for processing of document images. JavaScript classes and controls for viewing, printing and processing of images and PDF documents in any HTML (SVG) web browser.",Vintasoft.Imaging.DocCleanup.Web.HttpHandlers,False,2018-04-13T12:00:56.603+00:00,False,False,"Process th document images and PDF documents in ASP.NET application. HTTP handler for processing of document images. JavaScript classes and controls for viewing, printing and processing of images and PDF documents in any HTML (SVG) web browser.","Vintasoft,Imaging,.net,sdk,library,asp.net,WebForms,application,web,HTTP,handler,document,image,processing,process,view,viewer,HTML,SVG,vb.net,c#",2531,False,1.5.8.1
VintaSoft Ltd.,2017-10-02T12:45:56.14Z,7,200,"Process th document images and PDF documents in ASP.NET application. HTTP handler for processing of document images. JavaScript classes and controls for viewing, printing and processing of images and PDF documents in any HTML (SVG) web browser.",Vintasoft.Imaging.DocCleanup.Web.HttpHandlers,False,2018-04-13T12:00:56.603+00:00,False,False,"Process th document images and PDF documents in ASP.NET application. HTTP handler for processing of document images. JavaScript classes and controls for viewing, printing and processing of images and PDF documents in any HTML (SVG) web browser.","Vintasoft,Imaging,.net,sdk,library,asp.net,WebForms,application,web,HTTP,handler,document,image,processing,process,view,viewer,HTML,SVG,vb.net,c#",2531,False,1.5.12.1
VintaSoft Ltd.,2018-01-25T09:19:58.46Z,7,85,"Process th document images and PDF documents in ASP.NET MVC 4 application. Web API controller for processing of document images. JavaScript classes and controls for viewing, printing and processing of images and PDF documents in any HTML5 web browser.",Vintasoft.Imaging.DocCleanup.Web.ApiControllers,False,2018-04-13T12:00:40.71+00:00,False,False,"Process th document images and PDF documents in ASP.NET MVC 4 application. Web API controller for processing of document images. JavaScript classes and controls for viewing, printing and processing of images and PDF documents in any HTML5 web browser.","Vintasoft,Imaging,.net,sdk,library,ASP.NET,MVC4,application,web,api,controller,document,image,processing,process,view,viewer,HTML5,vb.net,c#",2516,False,1.6.3.1
VintaSoft Ltd.,2018-01-12T13:42:56.21Z,7,98,"Process th document images and PDF documents in ASP.NET MVC 4 application. Web API controller for processing of document images. JavaScript classes and controls for viewing, printing and processing of images and PDF documents in any HTML5 web browser.",Vintasoft.Imaging.DocCleanup.Web.ApiControllers,False,2018-04-13T12:00:40.71+00:00,False,False,"Process th document images and PDF documents in ASP.NET MVC 4 application. Web API controller for processing of document images. JavaScript classes and controls for viewing, printing and processing of images and PDF documents in any HTML5 web browser.","Vintasoft,Imaging,.net,sdk,library,ASP.NET,MVC4,application,web,api,controller,document,image,processing,process,view,viewer,HTML5,vb.net,c#",2516,False,1.6.2.1
VintaSoft Ltd.,2017-12-15T12:37:34.223Z,7,126,"Process th document images and PDF documents in ASP.NET application. HTTP handler for processing of document images. JavaScript classes and controls for viewing, printing and processing of images and PDF documents in any HTML (SVG) web browser.",Vintasoft.Imaging.DocCleanup.Web.HttpHandlers,False,2018-04-13T12:00:56.603+00:00,False,False,"Process th document images and PDF documents in ASP.NET application. HTTP handler for processing of document images. JavaScript classes and controls for viewing, printing and processing of images and PDF documents in any HTML (SVG) web browser.","Vintasoft,Imaging,.net,sdk,library,asp.net,WebForms,application,web,HTTP,handler,document,image,processing,process,view,viewer,HTML,SVG,vb.net,c#",2531,False,1.6.0.1
VintaSoft Ltd.,2017-11-08T14:47:31.003Z,7,163,"Process th document images and PDF documents in ASP.NET application. HTTP handler for processing of document images. JavaScript classes and controls for viewing, printing and processing of images and PDF documents in any HTML (SVG) web browser.",Vintasoft.Imaging.DocCleanup.Web.HttpHandlers,False,2018-04-13T12:00:56.603+00:00,False,False,"Process th document images and PDF documents in ASP.NET application. HTTP handler for processing of document images. JavaScript classes and controls for viewing, printing and processing of images and PDF documents in any HTML (SVG) web browser.","Vintasoft,Imaging,.net,sdk,library,asp.net,WebForms,application,web,HTTP,handler,document,image,processing,process,view,viewer,HTML,SVG,vb.net,c#",2531,False,1.5.15.1
"Bruno Lowagie,Paulo Soares,et al.",2015-09-17T14:41:18.327Z,79,946,"iText is a PDF library that allows you to CREATE, ADAPT, INSPECT and MAINTAIN documents in the Portable Document Format (PDF):
 - Generate documents and reports based on data from an XML file or a database
 - Create maps and books, exploiting numerous interactive features available in PDF
 - Add bookmarks, page numbers, watermarks, and other features to existing PDF documents
 - Split or concatenate pages from existing PDF files
 - Fill out interactive forms
 - Serve dynamically generated or manipulated PDF documents to a web browser

 iText is used by Java, .NET, Android and GAE developers to enhance their applications with PDF functionality. 
 iTextSharp is the .NET port.

 Several iText engineers are actively supporting the project on StackOverflow: http://stackoverflow.com/questions/tagged/itext",iTextSharp,False,2018-01-31T08:41:08.407+00:00,True,False,iTextSharp is a port of the iText open source java library for PDF generation written entirely in C# for the .NET platform.,"itext,itextsharp,c#,.net,csharp,pdf",3049494,False,5.5.7
VintaSoft Ltd.,2017-10-20T12:45:50.407Z,7,182,"Process th document images and PDF documents in ASP.NET application. HTTP handler for processing of document images. JavaScript classes and controls for viewing, printing and processing of images and PDF documents in any HTML (SVG) web browser.",Vintasoft.Imaging.DocCleanup.Web.HttpHandlers,False,2018-04-13T12:00:56.603+00:00,False,False,"Process th document images and PDF documents in ASP.NET application. HTTP handler for processing of document images. JavaScript classes and controls for viewing, printing and processing of images and PDF documents in any HTML (SVG) web browser.","Vintasoft,Imaging,.net,sdk,library,asp.net,WebForms,application,web,HTTP,handler,document,image,processing,process,view,viewer,HTML,SVG,vb.net,c#",2531,False,1.5.14.1
VintaSoft Ltd.,2017-08-03T11:59:35.023Z,7,260,"Process th document images and PDF documents in ASP.NET application. HTTP handler for processing of document images. JavaScript classes and controls for viewing, printing and processing of images and PDF documents in any HTML (SVG) web browser.",Vintasoft.Imaging.DocCleanup.Web.HttpHandlers,False,2018-04-13T12:00:56.603+00:00,False,False,"Process th document images and PDF documents in ASP.NET application. HTTP handler for processing of document images. JavaScript classes and controls for viewing, printing and processing of images and PDF documents in any HTML (SVG) web browser.","Vintasoft,Imaging,.net,sdk,library,asp.net,WebForms,application,web,HTTP,handler,document,image,processing,process,view,viewer,HTML,SVG,vb.net,c#",2531,False,1.5.7.1
VintaSoft Ltd.,2017-09-19T13:10:26.79Z,7,213,"Process th document images and PDF documents in ASP.NET application. HTTP handler for processing of document images. JavaScript classes and controls for viewing, printing and processing of images and PDF documents in any HTML (SVG) web browser.",Vintasoft.Imaging.DocCleanup.Web.HttpHandlers,False,2018-04-13T12:00:56.603+00:00,False,False,"Process th document images and PDF documents in ASP.NET application. HTTP handler for processing of document images. JavaScript classes and controls for viewing, printing and processing of images and PDF documents in any HTML (SVG) web browser.","Vintasoft,Imaging,.net,sdk,library,asp.net,WebForms,application,web,HTTP,handler,document,image,processing,process,view,viewer,HTML,SVG,vb.net,c#",2531,False,1.5.11.1
VintaSoft Ltd.,2017-05-29T08:26:41.323Z,7,326,"Process th document images and PDF documents in ASP.NET application. HTTP handler for processing of document images. JavaScript classes and controls for viewing, printing and processing of images and PDF documents in any HTML (SVG) web browser.",Vintasoft.Imaging.DocCleanup.Web.HttpHandlers,False,2018-04-13T12:00:56.603+00:00,False,False,"Process th document images and PDF documents in ASP.NET application. HTTP handler for processing of document images. JavaScript classes and controls for viewing, printing and processing of images and PDF documents in any HTML (SVG) web browser.","Vintasoft,Imaging,.net,sdk,library,asp.net,WebForms,application,web,HTTP,handler,document,image,processing,process,view,viewer,HTML,SVG,vb.net,c#",2531,False,1.5.3.2
VintaSoft Ltd.,2017-07-06T18:38:44.067Z,7,288,"Process th document images and PDF documents in ASP.NET application. HTTP handler for processing of document images. JavaScript classes and controls for viewing, printing and processing of images and PDF documents in any HTML (SVG) web browser.",Vintasoft.Imaging.DocCleanup.Web.HttpHandlers,False,2018-04-13T12:00:56.603+00:00,False,False,"Process th document images and PDF documents in ASP.NET application. HTTP handler for processing of document images. JavaScript classes and controls for viewing, printing and processing of images and PDF documents in any HTML (SVG) web browser.","Vintasoft,Imaging,.net,sdk,library,asp.net,WebForms,application,web,HTTP,handler,document,image,processing,process,view,viewer,HTML,SVG,vb.net,c#",2531,False,1.5.5.1
VintaSoft Ltd.,2017-09-08T12:25:32.757Z,7,224,"Process th document images and PDF documents in ASP.NET application. HTTP handler for processing of document images. JavaScript classes and controls for viewing, printing and processing of images and PDF documents in any HTML (SVG) web browser.",Vintasoft.Imaging.DocCleanup.Web.HttpHandlers,False,2018-04-13T12:00:56.603+00:00,False,False,"Process th document images and PDF documents in ASP.NET application. HTTP handler for processing of document images. JavaScript classes and controls for viewing, printing and processing of images and PDF documents in any HTML (SVG) web browser.","Vintasoft,Imaging,.net,sdk,library,asp.net,WebForms,application,web,HTTP,handler,document,image,processing,process,view,viewer,HTML,SVG,vb.net,c#",2531,False,1.5.10.1
VintaSoft Ltd.,2017-05-05T12:26:45.183Z,7,350,"Process th document images and PDF documents in ASP.NET application. HTTP handler for processing of document images. JavaScript classes and controls for viewing, printing and processing of images and PDF documents in any HTML (SVG) web browser.",Vintasoft.Imaging.DocCleanup.Web.HttpHandlers,False,2018-04-13T12:00:56.603+00:00,False,False,"Process th document images and PDF documents in ASP.NET application. HTTP handler for processing of document images. JavaScript classes and controls for viewing, printing and processing of images and PDF documents in any HTML (SVG) web browser.","Vintasoft,Imaging,.net,sdk,library,asp.net,WebForms,application,web,HTTP,handler,document,image,processing,process,view,viewer,HTML,SVG,vb.net,c#",2531,False,1.5.1.1
VintaSoft Ltd.,2017-07-20T11:50:54.38Z,7,274,"Process th document images and PDF documents in ASP.NET application. HTTP handler for processing of document images. JavaScript classes and controls for viewing, printing and processing of images and PDF documents in any HTML (SVG) web browser.",Vintasoft.Imaging.DocCleanup.Web.HttpHandlers,False,2018-04-13T12:00:56.603+00:00,False,False,"Process th document images and PDF documents in ASP.NET application. HTTP handler for processing of document images. JavaScript classes and controls for viewing, printing and processing of images and PDF documents in any HTML (SVG) web browser.","Vintasoft,Imaging,.net,sdk,library,asp.net,WebForms,application,web,HTTP,handler,document,image,processing,process,view,viewer,HTML,SVG,vb.net,c#",2531,False,1.5.6.1
VintaSoft Ltd.,2017-12-01T09:52:27.4Z,7,140,"Process th document images and PDF documents in ASP.NET application. HTTP handler for processing of document images. JavaScript classes and controls for viewing, printing and processing of images and PDF documents in any HTML (SVG) web browser.",Vintasoft.Imaging.DocCleanup.Web.HttpHandlers,False,2018-04-13T12:00:56.603+00:00,False,False,"Process th document images and PDF documents in ASP.NET application. HTTP handler for processing of document images. JavaScript classes and controls for viewing, printing and processing of images and PDF documents in any HTML (SVG) web browser.","Vintasoft,Imaging,.net,sdk,library,asp.net,WebForms,application,web,HTTP,handler,document,image,processing,process,view,viewer,HTML,SVG,vb.net,c#",2531,False,1.5.17.1
VintaSoft Ltd.,2017-11-17T12:54:45.317Z,7,154,"Process th document images and PDF documents in ASP.NET application. HTTP handler for processing of document images. JavaScript classes and controls for viewing, printing and processing of images and PDF documents in any HTML (SVG) web browser.",Vintasoft.Imaging.DocCleanup.Web.HttpHandlers,False,2018-04-13T12:00:56.603+00:00,False,False,"Process th document images and PDF documents in ASP.NET application. HTTP handler for processing of document images. JavaScript classes and controls for viewing, printing and processing of images and PDF documents in any HTML (SVG) web browser.","Vintasoft,Imaging,.net,sdk,library,asp.net,WebForms,application,web,HTTP,handler,document,image,processing,process,view,viewer,HTML,SVG,vb.net,c#",2531,False,1.5.16.1
VintaSoft Ltd.,2017-06-21T13:06:31.87Z,7,303,"Process th document images and PDF documents in ASP.NET application. HTTP handler for processing of document images. JavaScript classes and controls for viewing, printing and processing of images and PDF documents in any HTML (SVG) web browser.",Vintasoft.Imaging.DocCleanup.Web.HttpHandlers,False,2018-04-13T12:00:56.603+00:00,False,False,"Process th document images and PDF documents in ASP.NET application. HTTP handler for processing of document images. JavaScript classes and controls for viewing, printing and processing of images and PDF documents in any HTML (SVG) web browser.","Vintasoft,Imaging,.net,sdk,library,asp.net,WebForms,application,web,HTTP,handler,document,image,processing,process,view,viewer,HTML,SVG,vb.net,c#",2531,False,1.5.4.1
VintaSoft Ltd.,2017-03-09T07:28:10.393Z,7,407,"HTTP handlers for processing of document images. JavaScript classes and controls for viewing, printing and processing of images and PDF documents in any HTML (SVG) web browser.",Vintasoft.Imaging.DocCleanup.Web.HttpHandlers,False,2018-04-13T12:00:56.603+00:00,False,False,"HTTP handlers for processing of document images. JavaScript classes and controls for viewing, printing and processing of images and PDF documents in any HTML (SVG) web browser.","Vintasoft,Imaging,.net,sdk,library,asp.net,WebForms,application,web,HTTP,handler,document,image,processing,process,view,viewer,HTML,SVG,vb.net,c#",2531,False,1.4.17.1
VintaSoft Ltd.,2017-10-06T13:41:19.477Z,7,196,"Process th document images and PDF documents in ASP.NET application. HTTP handler for processing of document images. JavaScript classes and controls for viewing, printing and processing of images and PDF documents in any HTML (SVG) web browser.",Vintasoft.Imaging.DocCleanup.Web.HttpHandlers,False,2018-04-13T12:00:56.603+00:00,False,False,"Process th document images and PDF documents in ASP.NET application. HTTP handler for processing of document images. JavaScript classes and controls for viewing, printing and processing of images and PDF documents in any HTML (SVG) web browser.","Vintasoft,Imaging,.net,sdk,library,asp.net,WebForms,application,web,HTTP,handler,document,image,processing,process,view,viewer,HTML,SVG,vb.net,c#",2531,False,1.5.13.1
"Bruno Lowagie,Paulo Soares,et al.",2015-02-16T12:25:05.51Z,79,1159,"iText is a PDF library that allows you to CREATE, ADAPT, INSPECT and MAINTAIN documents in the Portable Document Format (PDF):
 - Generate documents and reports based on data from an XML file or a database
 - Create maps and books, exploiting numerous interactive features available in PDF
 - Add bookmarks, page numbers, watermarks, and other features to existing PDF documents
 - Split or concatenate pages from existing PDF files
 - Fill out interactive forms
 - Serve dynamically generated or manipulated PDF documents to a web browser

 iText is used by Java, .NET, Android and GAE developers to enhance their applications with PDF functionality. 
 iTextSharp is the .NET port.

 Several iText engineers are actively supporting the project on StackOverflow: http://stackoverflow.com/questions/tagged/itext",iTextSharp,False,2018-01-31T08:41:08.407+00:00,True,False,iTextSharp is a port of the iText open source java library for PDF generation written entirely in C# for the .NET platform.,"itext,itextsharp,c#,.net,csharp,pdf",3049494,False,5.5.5
VintaSoft Ltd.,2017-08-16T12:50:57.893Z,7,247,"Process th document images and PDF documents in ASP.NET MVC 4 application. Web API controller for processing of document images. JavaScript classes and controls for viewing, printing and processing of images and PDF documents in any HTML5 web browser.",Vintasoft.Imaging.DocCleanup.Web.ApiControllers,False,2018-04-13T12:00:40.71+00:00,False,False,"Process th document images and PDF documents in ASP.NET MVC 4 application. Web API controller for processing of document images. JavaScript classes and controls for viewing, printing and processing of images and PDF documents in any HTML5 web browser.","Vintasoft,Imaging,.net,sdk,library,ASP.NET,MVC4,application,web,api,controller,document,image,processing,process,view,viewer,HTML5,vb.net,c#",2516,False,1.5.8.1
VintaSoft Ltd.,2017-12-15T12:37:22.33Z,7,126,"Process th document images and PDF documents in ASP.NET MVC 4 application. Web API controller for processing of document images. JavaScript classes and controls for viewing, printing and processing of images and PDF documents in any HTML5 web browser.",Vintasoft.Imaging.DocCleanup.Web.ApiControllers,False,2018-04-13T12:00:40.71+00:00,False,False,"Process th document images and PDF documents in ASP.NET MVC 4 application. Web API controller for processing of document images. JavaScript classes and controls for viewing, printing and processing of images and PDF documents in any HTML5 web browser.","Vintasoft,Imaging,.net,sdk,library,ASP.NET,MVC4,application,web,api,controller,document,image,processing,process,view,viewer,HTML5,vb.net,c#",2516,False,1.6.0.1
VintaSoft Ltd.,2017-09-08T12:25:19.757Z,7,224,"Process th document images and PDF documents in ASP.NET MVC 4 application. Web API controller for processing of document images. JavaScript classes and controls for viewing, printing and processing of images and PDF documents in any HTML5 web browser.",Vintasoft.Imaging.DocCleanup.Web.ApiControllers,False,2018-04-13T12:00:40.71+00:00,False,False,"Process th document images and PDF documents in ASP.NET MVC 4 application. Web API controller for processing of document images. JavaScript classes and controls for viewing, printing and processing of images and PDF documents in any HTML5 web browser.","Vintasoft,Imaging,.net,sdk,library,ASP.NET,MVC4,application,web,api,controller,document,image,processing,process,view,viewer,HTML5,vb.net,c#",2516,False,1.5.10.1
VintaSoft Ltd.,2017-11-17T12:54:32.21Z,7,154,"Process th document images and PDF documents in ASP.NET MVC 4 application. Web API controller for processing of document images. JavaScript classes and controls for viewing, printing and processing of images and PDF documents in any HTML5 web browser.",Vintasoft.Imaging.DocCleanup.Web.ApiControllers,False,2018-04-13T12:00:40.71+00:00,False,False,"Process th document images and PDF documents in ASP.NET MVC 4 application. Web API controller for processing of document images. JavaScript classes and controls for viewing, printing and processing of images and PDF documents in any HTML5 web browser.","Vintasoft,Imaging,.net,sdk,library,ASP.NET,MVC4,application,web,api,controller,document,image,processing,process,view,viewer,HTML5,vb.net,c#",2516,False,1.5.16.1
VintaSoft Ltd.,2017-10-02T12:45:39.903Z,7,200,"Process th document images and PDF documents in ASP.NET MVC 4 application. Web API controller for processing of document images. JavaScript classes and controls for viewing, printing and processing of images and PDF documents in any HTML5 web browser.",Vintasoft.Imaging.DocCleanup.Web.ApiControllers,False,2018-04-13T12:00:40.71+00:00,False,False,"Process th document images and PDF documents in ASP.NET MVC 4 application. Web API controller for processing of document images. JavaScript classes and controls for viewing, printing and processing of images and PDF documents in any HTML5 web browser.","Vintasoft,Imaging,.net,sdk,library,ASP.NET,MVC4,application,web,api,controller,document,image,processing,process,view,viewer,HTML5,vb.net,c#",2516,False,1.5.12.1
VintaSoft Ltd.,2017-03-09T07:25:13.103Z,7,407,"Web API controllers for processing of document images. JavaScript classes and controls for viewing, printing and processing of images and PDF documents in any HTML5 web browser.",Vintasoft.Imaging.DocCleanup.Web.ApiControllers,False,2018-04-13T12:00:40.71+00:00,False,False,"Web API controllers for processing of document images. JavaScript classes and controls for viewing, printing and processing of images and PDF documents in any HTML5 web browser.","Vintasoft,Imaging,.net,sdk,library,asp.net,mvc,application,web,api,controller,document,image,processing,process,view,viewer,HTML5,vb.net,c#",2516,False,1.4.17.1
"Bruno Lowagie,Paulo Soares,et al.",2015-05-07T15:03:48.147Z,79,1079,"iText is a PDF library that allows you to CREATE, ADAPT, INSPECT and MAINTAIN documents in the Portable Document Format (PDF):
 - Generate documents and reports based on data from an XML file or a database
 - Create maps and books, exploiting numerous interactive features available in PDF
 - Add bookmarks, page numbers, watermarks, and other features to existing PDF documents
 - Split or concatenate pages from existing PDF files
 - Fill out interactive forms
 - Serve dynamically generated or manipulated PDF documents to a web browser

 iText is used by Java, .NET, Android and GAE developers to enhance their applications with PDF functionality. 
 iTextSharp is the .NET port.

 Several iText engineers are actively supporting the project on StackOverflow: http://stackoverflow.com/questions/tagged/itext",iTextSharp,False,2018-01-31T08:41:08.407+00:00,True,False,iTextSharp is a port of the iText open source java library for PDF generation written entirely in C# for the .NET platform.,"itext,itextsharp,c#,.net,csharp,pdf",3049494,False,5.5.6
VintaSoft Ltd.,2017-05-05T12:26:26.903Z,7,350,"Process th document images and PDF documents in ASP.NET MVC 4 application. Web API controller for processing of document images. JavaScript classes and controls for viewing, printing and processing of images and PDF documents in any HTML5 web browser.",Vintasoft.Imaging.DocCleanup.Web.ApiControllers,False,2018-04-13T12:00:40.71+00:00,False,False,"Process th document images and PDF documents in ASP.NET MVC 4 application. Web API controller for processing of document images. JavaScript classes and controls for viewing, printing and processing of images and PDF documents in any HTML5 web browser.","Vintasoft,Imaging,.net,sdk,library,ASP.NET,MVC4,application,web,api,controller,document,image,processing,process,view,viewer,HTML5,vb.net,c#",2516,False,1.5.1.1
VintaSoft Ltd.,2017-11-08T14:47:15.88Z,7,163,"Process th document images and PDF documents in ASP.NET MVC 4 application. Web API controller for processing of document images. JavaScript classes and controls for viewing, printing and processing of images and PDF documents in any HTML5 web browser.",Vintasoft.Imaging.DocCleanup.Web.ApiControllers,False,2018-04-13T12:00:40.71+00:00,False,False,"Process th document images and PDF documents in ASP.NET MVC 4 application. Web API controller for processing of document images. JavaScript classes and controls for viewing, printing and processing of images and PDF documents in any HTML5 web browser.","Vintasoft,Imaging,.net,sdk,library,ASP.NET,MVC4,application,web,api,controller,document,image,processing,process,view,viewer,HTML5,vb.net,c#",2516,False,1.5.15.1
VintaSoft Ltd.,2017-12-01T09:52:12.553Z,7,140,"Process th document images and PDF documents in ASP.NET MVC 4 application. Web API controller for processing of document images. JavaScript classes and controls for viewing, printing and processing of images and PDF documents in any HTML5 web browser.",Vintasoft.Imaging.DocCleanup.Web.ApiControllers,False,2018-04-13T12:00:40.71+00:00,False,False,"Process th document images and PDF documents in ASP.NET MVC 4 application. Web API controller for processing of document images. JavaScript classes and controls for viewing, printing and processing of images and PDF documents in any HTML5 web browser.","Vintasoft,Imaging,.net,sdk,library,ASP.NET,MVC4,application,web,api,controller,document,image,processing,process,view,viewer,HTML5,vb.net,c#",2516,False,1.5.17.1
VintaSoft Ltd.,2017-10-06T13:41:06.79Z,7,196,"Process th document images and PDF documents in ASP.NET MVC 4 application. Web API controller for processing of document images. JavaScript classes and controls for viewing, printing and processing of images and PDF documents in any HTML5 web browser.",Vintasoft.Imaging.DocCleanup.Web.ApiControllers,False,2018-04-13T12:00:40.71+00:00,False,False,"Process th document images and PDF documents in ASP.NET MVC 4 application. Web API controller for processing of document images. JavaScript classes and controls for viewing, printing and processing of images and PDF documents in any HTML5 web browser.","Vintasoft,Imaging,.net,sdk,library,ASP.NET,MVC4,application,web,api,controller,document,image,processing,process,view,viewer,HTML5,vb.net,c#",2516,False,1.5.13.1
VintaSoft Ltd.,2017-07-06T18:38:32.423Z,7,288,"Process th document images and PDF documents in ASP.NET MVC 4 application. Web API controller for processing of document images. JavaScript classes and controls for viewing, printing and processing of images and PDF documents in any HTML5 web browser.",Vintasoft.Imaging.DocCleanup.Web.ApiControllers,False,2018-04-13T12:00:40.71+00:00,False,False,"Process th document images and PDF documents in ASP.NET MVC 4 application. Web API controller for processing of document images. JavaScript classes and controls for viewing, printing and processing of images and PDF documents in any HTML5 web browser.","Vintasoft,Imaging,.net,sdk,library,ASP.NET,MVC4,application,web,api,controller,document,image,processing,process,view,viewer,HTML5,vb.net,c#",2516,False,1.5.5.1
VintaSoft Ltd.,2017-08-03T11:59:22.133Z,7,260,"Process th document images and PDF documents in ASP.NET MVC 4 application. Web API controller for processing of document images. JavaScript classes and controls for viewing, printing and processing of images and PDF documents in any HTML5 web browser.",Vintasoft.Imaging.DocCleanup.Web.ApiControllers,False,2018-04-13T12:00:40.71+00:00,False,False,"Process th document images and PDF documents in ASP.NET MVC 4 application. Web API controller for processing of document images. JavaScript classes and controls for viewing, printing and processing of images and PDF documents in any HTML5 web browser.","Vintasoft,Imaging,.net,sdk,library,ASP.NET,MVC4,application,web,api,controller,document,image,processing,process,view,viewer,HTML5,vb.net,c#",2516,False,1.5.7.1
VintaSoft Ltd.,2017-09-19T13:10:13.633Z,7,213,"Process th document images and PDF documents in ASP.NET MVC 4 application. Web API controller for processing of document images. JavaScript classes and controls for viewing, printing and processing of images and PDF documents in any HTML5 web browser.",Vintasoft.Imaging.DocCleanup.Web.ApiControllers,False,2018-04-13T12:00:40.71+00:00,False,False,"Process th document images and PDF documents in ASP.NET MVC 4 application. Web API controller for processing of document images. JavaScript classes and controls for viewing, printing and processing of images and PDF documents in any HTML5 web browser.","Vintasoft,Imaging,.net,sdk,library,ASP.NET,MVC4,application,web,api,controller,document,image,processing,process,view,viewer,HTML5,vb.net,c#",2516,False,1.5.11.1
VintaSoft Ltd.,2017-05-29T08:26:17.21Z,7,326,"Process th document images and PDF documents in ASP.NET MVC 4 application. Web API controller for processing of document images. JavaScript classes and controls for viewing, printing and processing of images and PDF documents in any HTML5 web browser.",Vintasoft.Imaging.DocCleanup.Web.ApiControllers,False,2018-04-13T12:00:40.71+00:00,False,False,"Process th document images and PDF documents in ASP.NET MVC 4 application. Web API controller for processing of document images. JavaScript classes and controls for viewing, printing and processing of images and PDF documents in any HTML5 web browser.","Vintasoft,Imaging,.net,sdk,library,ASP.NET,MVC4,application,web,api,controller,document,image,processing,process,view,viewer,HTML5,vb.net,c#",2516,False,1.5.3.2
VintaSoft Ltd.,2017-06-21T13:06:20.43Z,7,303,"Process th document images and PDF documents in ASP.NET MVC 4 application. Web API controller for processing of document images. JavaScript classes and controls for viewing, printing and processing of images and PDF documents in any HTML5 web browser.",Vintasoft.Imaging.DocCleanup.Web.ApiControllers,False,2018-04-13T12:00:40.71+00:00,False,False,"Process th document images and PDF documents in ASP.NET MVC 4 application. Web API controller for processing of document images. JavaScript classes and controls for viewing, printing and processing of images and PDF documents in any HTML5 web browser.","Vintasoft,Imaging,.net,sdk,library,ASP.NET,MVC4,application,web,api,controller,document,image,processing,process,view,viewer,HTML5,vb.net,c#",2516,False,1.5.4.1
VintaSoft Ltd.,2017-07-20T11:50:42.317Z,7,274,"Process th document images and PDF documents in ASP.NET MVC 4 application. Web API controller for processing of document images. JavaScript classes and controls for viewing, printing and processing of images and PDF documents in any HTML5 web browser.",Vintasoft.Imaging.DocCleanup.Web.ApiControllers,False,2018-04-13T12:00:40.71+00:00,False,False,"Process th document images and PDF documents in ASP.NET MVC 4 application. Web API controller for processing of document images. JavaScript classes and controls for viewing, printing and processing of images and PDF documents in any HTML5 web browser.","Vintasoft,Imaging,.net,sdk,library,ASP.NET,MVC4,application,web,api,controller,document,image,processing,process,view,viewer,HTML5,vb.net,c#",2516,False,1.5.6.1
VintaSoft Ltd.,2017-10-20T12:45:36.533Z,7,182,"Process th document images and PDF documents in ASP.NET MVC 4 application. Web API controller for processing of document images. JavaScript classes and controls for viewing, printing and processing of images and PDF documents in any HTML5 web browser.",Vintasoft.Imaging.DocCleanup.Web.ApiControllers,False,2018-04-13T12:00:40.71+00:00,False,False,"Process th document images and PDF documents in ASP.NET MVC 4 application. Web API controller for processing of document images. JavaScript classes and controls for viewing, printing and processing of images and PDF documents in any HTML5 web browser.","Vintasoft,Imaging,.net,sdk,library,ASP.NET,MVC4,application,web,api,controller,document,image,processing,process,view,viewer,HTML5,vb.net,c#",2516,False,1.5.14.1
VintaSoft Ltd.,2017-12-27T12:34:50.56Z,7,114,"Process th document images and PDF documents in ASP.NET MVC 4 application. Web API controller for processing of document images. JavaScript classes and controls for viewing, printing and processing of images and PDF documents in any HTML5 web browser.",Vintasoft.Imaging.DocCleanup.Web.ApiControllers,False,2018-04-13T12:00:40.71+00:00,False,False,"Process th document images and PDF documents in ASP.NET MVC 4 application. Web API controller for processing of document images. JavaScript classes and controls for viewing, printing and processing of images and PDF documents in any HTML5 web browser.","Vintasoft,Imaging,.net,sdk,library,ASP.NET,MVC4,application,web,api,controller,document,image,processing,process,view,viewer,HTML5,vb.net,c#",2516,False,1.6.1.1
"Bruno Lowagie,Paulo Soares,et al.",2014-12-16T15:15:41.807Z,79,1221,"iText is a PDF library that allows you to CREATE, ADAPT, INSPECT and MAINTAIN documents in the Portable Document Format (PDF):
 - Generate documents and reports based on data from an XML file or a database
 - Create maps and books, exploiting numerous interactive features available in PDF
 - Add bookmarks, page numbers, watermarks, and other features to existing PDF documents
 - Split or concatenate pages from existing PDF files
 - Fill out interactive forms
 - Serve dynamically generated or manipulated PDF documents to a web browser

 iText is used by Java, .NET, Android and GAE developers to enhance their applications with PDF functionality. 
 iTextSharp is the .NET port.

 Several iText engineers are actively supporting the project on StackOverflow: http://stackoverflow.com/questions/tagged/itext",iTextSharp,False,2018-01-31T08:41:08.407+00:00,True,False,iTextSharp is a port of the iText open source java library for PDF generation written entirely in C# for the .NET platform.,"itext,itextsharp,c#,.net,csharp,pdf",3049494,False,5.5.4
VintaSoft Ltd.,2017-09-19T13:09:59.553Z,7,213,"Process th document images and PDF documents in ASP.NET MVC 5 application. Web API 2 controller for processing of document images. JavaScript classes and controls for viewing, printing and processing of images and PDF documents in any HTML5 web browser.",Vintasoft.Imaging.DocCleanup.Web.Api2Controllers,False,2018-04-13T12:00:23.773+00:00,False,False,"Process th document images and PDF documents in ASP.NET MVC 5 application. Web API 2 controller for processing of document images. JavaScript classes and controls for viewing, printing and processing of images and PDF documents in any HTML5 web browser.","Vintasoft,Imaging,.net,sdk,library,ASP.NET,MVC5,application,web,api,2,controller,document,image,processing,process,view,viewer,HTML5,vb.net,c#",2374,False,1.5.11.1
VintaSoft Ltd.,2017-05-29T08:25:57.29Z,7,326,"Process th document images and PDF documents in ASP.NET MVC 5 application. Web API 2 controller for processing of document images. JavaScript classes and controls for viewing, printing and processing of images and PDF documents in any HTML5 web browser.",Vintasoft.Imaging.DocCleanup.Web.Api2Controllers,False,2018-04-13T12:00:23.773+00:00,False,False,"Process th document images and PDF documents in ASP.NET MVC 5 application. Web API 2 controller for processing of document images. JavaScript classes and controls for viewing, printing and processing of images and PDF documents in any HTML5 web browser.","Vintasoft,Imaging,.net,sdk,library,ASP.NET,MVC5,application,web,api,2,controller,document,image,processing,process,view,viewer,HTML5,vb.net,c#",2374,False,1.5.3.2
VintaSoft Ltd.,2017-10-06T13:40:55.043Z,7,196,"Process th document images and PDF documents in ASP.NET MVC 5 application. Web API 2 controller for processing of document images. JavaScript classes and controls for viewing, printing and processing of images and PDF documents in any HTML5 web browser.",Vintasoft.Imaging.DocCleanup.Web.Api2Controllers,False,2018-04-13T12:00:23.773+00:00,False,False,"Process th document images and PDF documents in ASP.NET MVC 5 application. Web API 2 controller for processing of document images. JavaScript classes and controls for viewing, printing and processing of images and PDF documents in any HTML5 web browser.","Vintasoft,Imaging,.net,sdk,library,ASP.NET,MVC5,application,web,api,2,controller,document,image,processing,process,view,viewer,HTML5,vb.net,c#",2374,False,1.5.13.1
VintaSoft Ltd.,2017-07-20T11:50:30.257Z,7,274,"Process th document images and PDF documents in ASP.NET MVC 5 application. Web API 2 controller for processing of document images. JavaScript classes and controls for viewing, printing and processing of images and PDF documents in any HTML5 web browser.",Vintasoft.Imaging.DocCleanup.Web.Api2Controllers,False,2018-04-13T12:00:23.773+00:00,False,False,"Process th document images and PDF documents in ASP.NET MVC 5 application. Web API 2 controller for processing of document images. JavaScript classes and controls for viewing, printing and processing of images and PDF documents in any HTML5 web browser.","Vintasoft,Imaging,.net,sdk,library,ASP.NET,MVC5,application,web,api,2,controller,document,image,processing,process,view,viewer,HTML5,vb.net,c#",2374,False,1.5.6.1
VintaSoft Ltd.,2017-10-02T12:45:23.903Z,7,200,"Process th document images and PDF documents in ASP.NET MVC 5 application. Web API 2 controller for processing of document images. JavaScript classes and controls for viewing, printing and processing of images and PDF documents in any HTML5 web browser.",Vintasoft.Imaging.DocCleanup.Web.Api2Controllers,False,2018-04-13T12:00:23.773+00:00,False,False,"Process th document images and PDF documents in ASP.NET MVC 5 application. Web API 2 controller for processing of document images. JavaScript classes and controls for viewing, printing and processing of images and PDF documents in any HTML5 web browser.","Vintasoft,Imaging,.net,sdk,library,ASP.NET,MVC5,application,web,api,2,controller,document,image,processing,process,view,viewer,HTML5,vb.net,c#",2374,False,1.5.12.1
VintaSoft Ltd.,2017-08-16T12:50:45.44Z,7,247,"Process th document images and PDF documents in ASP.NET MVC 5 application. Web API 2 controller for processing of document images. JavaScript classes and controls for viewing, printing and processing of images and PDF documents in any HTML5 web browser.",Vintasoft.Imaging.DocCleanup.Web.Api2Controllers,False,2018-04-13T12:00:23.773+00:00,False,False,"Process th document images and PDF documents in ASP.NET MVC 5 application. Web API 2 controller for processing of document images. JavaScript classes and controls for viewing, printing and processing of images and PDF documents in any HTML5 web browser.","Vintasoft,Imaging,.net,sdk,library,ASP.NET,MVC5,application,web,api,2,controller,document,image,processing,process,view,viewer,HTML5,vb.net,c#",2374,False,1.5.8.1
VintaSoft Ltd.,2017-10-20T12:45:22.033Z,7,182,"Process th document images and PDF documents in ASP.NET MVC 5 application. Web API 2 controller for processing of document images. JavaScript classes and controls for viewing, printing and processing of images and PDF documents in any HTML5 web browser.",Vintasoft.Imaging.DocCleanup.Web.Api2Controllers,False,2018-04-13T12:00:23.773+00:00,False,False,"Process th document images and PDF documents in ASP.NET MVC 5 application. Web API 2 controller for processing of document images. JavaScript classes and controls for viewing, printing and processing of images and PDF documents in any HTML5 web browser.","Vintasoft,Imaging,.net,sdk,library,ASP.NET,MVC5,application,web,api,2,controller,document,image,processing,process,view,viewer,HTML5,vb.net,c#",2374,False,1.5.14.1
VintaSoft Ltd.,2017-12-27T12:34:38.26Z,7,114,"Process th document images and PDF documents in ASP.NET MVC 5 application. Web API 2 controller for processing of document images. JavaScript classes and controls for viewing, printing and processing of images and PDF documents in any HTML5 web browser.",Vintasoft.Imaging.DocCleanup.Web.Api2Controllers,False,2018-04-13T12:00:23.773+00:00,False,False,"Process th document images and PDF documents in ASP.NET MVC 5 application. Web API 2 controller for processing of document images. JavaScript classes and controls for viewing, printing and processing of images and PDF documents in any HTML5 web browser.","Vintasoft,Imaging,.net,sdk,library,ASP.NET,MVC5,application,web,api,2,controller,document,image,processing,process,view,viewer,HTML5,vb.net,c#",2374,False,1.6.1.1
VintaSoft Ltd.,2017-09-08T12:25:07.63Z,7,224,"Process th document images and PDF documents in ASP.NET MVC 5 application. Web API 2 controller for processing of document images. JavaScript classes and controls for viewing, printing and processing of images and PDF documents in any HTML5 web browser.",Vintasoft.Imaging.DocCleanup.Web.Api2Controllers,False,2018-04-13T12:00:23.773+00:00,False,False,"Process th document images and PDF documents in ASP.NET MVC 5 application. Web API 2 controller for processing of document images. JavaScript classes and controls for viewing, printing and processing of images and PDF documents in any HTML5 web browser.","Vintasoft,Imaging,.net,sdk,library,ASP.NET,MVC5,application,web,api,2,controller,document,image,processing,process,view,viewer,HTML5,vb.net,c#",2374,False,1.5.10.1
VintaSoft Ltd.,2018-01-25T09:19:44.32Z,7,85,"Process th document images and PDF documents in ASP.NET MVC 5 application. Web API 2 controller for processing of document images. JavaScript classes and controls for viewing, printing and processing of images and PDF documents in any HTML5 web browser.",Vintasoft.Imaging.DocCleanup.Web.Api2Controllers,False,2018-04-13T12:00:23.773+00:00,False,False,"Process th document images and PDF documents in ASP.NET MVC 5 application. Web API 2 controller for processing of document images. JavaScript classes and controls for viewing, printing and processing of images and PDF documents in any HTML5 web browser.","Vintasoft,Imaging,.net,sdk,library,ASP.NET,MVC5,application,web,api,2,controller,document,image,processing,process,view,viewer,HTML5,vb.net,c#",2374,False,1.6.3.1
VintaSoft Ltd.,2017-06-21T13:06:09.37Z,7,303,"Process th document images and PDF documents in ASP.NET MVC 5 application. Web API 2 controller for processing of document images. JavaScript classes and controls for viewing, printing and processing of images and PDF documents in any HTML5 web browser.",Vintasoft.Imaging.DocCleanup.Web.Api2Controllers,False,2018-04-13T12:00:23.773+00:00,False,False,"Process th document images and PDF documents in ASP.NET MVC 5 application. Web API 2 controller for processing of document images. JavaScript classes and controls for viewing, printing and processing of images and PDF documents in any HTML5 web browser.","Vintasoft,Imaging,.net,sdk,library,ASP.NET,MVC5,application,web,api,2,controller,document,image,processing,process,view,viewer,HTML5,vb.net,c#",2374,False,1.5.4.1
VintaSoft Ltd.,2017-07-06T18:38:21.22Z,7,288,"Process th document images and PDF documents in ASP.NET MVC 5 application. Web API 2 controller for processing of document images. JavaScript classes and controls for viewing, printing and processing of images and PDF documents in any HTML5 web browser.",Vintasoft.Imaging.DocCleanup.Web.Api2Controllers,False,2018-04-13T12:00:23.773+00:00,False,False,"Process th document images and PDF documents in ASP.NET MVC 5 application. Web API 2 controller for processing of document images. JavaScript classes and controls for viewing, printing and processing of images and PDF documents in any HTML5 web browser.","Vintasoft,Imaging,.net,sdk,library,ASP.NET,MVC5,application,web,api,2,controller,document,image,processing,process,view,viewer,HTML5,vb.net,c#",2374,False,1.5.5.1
VintaSoft Ltd.,2018-01-12T13:42:42.947Z,7,98,"Process th document images and PDF documents in ASP.NET MVC 5 application. Web API 2 controller for processing of document images. JavaScript classes and controls for viewing, printing and processing of images and PDF documents in any HTML5 web browser.",Vintasoft.Imaging.DocCleanup.Web.Api2Controllers,False,2018-04-13T12:00:23.773+00:00,False,False,"Process th document images and PDF documents in ASP.NET MVC 5 application. Web API 2 controller for processing of document images. JavaScript classes and controls for viewing, printing and processing of images and PDF documents in any HTML5 web browser.","Vintasoft,Imaging,.net,sdk,library,ASP.NET,MVC5,application,web,api,2,controller,document,image,processing,process,view,viewer,HTML5,vb.net,c#",2374,False,1.6.2.1
VintaSoft Ltd.,2017-11-17T12:54:20.573Z,7,154,"Process th document images and PDF documents in ASP.NET MVC 5 application. Web API 2 controller for processing of document images. JavaScript classes and controls for viewing, printing and processing of images and PDF documents in any HTML5 web browser.",Vintasoft.Imaging.DocCleanup.Web.Api2Controllers,False,2018-04-13T12:00:23.773+00:00,False,False,"Process th document images and PDF documents in ASP.NET MVC 5 application. Web API 2 controller for processing of document images. JavaScript classes and controls for viewing, printing and processing of images and PDF documents in any HTML5 web browser.","Vintasoft,Imaging,.net,sdk,library,ASP.NET,MVC5,application,web,api,2,controller,document,image,processing,process,view,viewer,HTML5,vb.net,c#",2374,False,1.5.16.1
VintaSoft Ltd.,2017-08-03T11:59:09.413Z,7,260,"Process th document images and PDF documents in ASP.NET MVC 5 application. Web API 2 controller for processing of document images. JavaScript classes and controls for viewing, printing and processing of images and PDF documents in any HTML5 web browser.",Vintasoft.Imaging.DocCleanup.Web.Api2Controllers,False,2018-04-13T12:00:23.773+00:00,False,False,"Process th document images and PDF documents in ASP.NET MVC 5 application. Web API 2 controller for processing of document images. JavaScript classes and controls for viewing, printing and processing of images and PDF documents in any HTML5 web browser.","Vintasoft,Imaging,.net,sdk,library,ASP.NET,MVC5,application,web,api,2,controller,document,image,processing,process,view,viewer,HTML5,vb.net,c#",2374,False,1.5.7.1
VintaSoft Ltd.,2017-11-08T14:46:59.087Z,7,163,"Process th document images and PDF documents in ASP.NET MVC 5 application. Web API 2 controller for processing of document images. JavaScript classes and controls for viewing, printing and processing of images and PDF documents in any HTML5 web browser.",Vintasoft.Imaging.DocCleanup.Web.Api2Controllers,False,2018-04-13T12:00:23.773+00:00,False,False,"Process th document images and PDF documents in ASP.NET MVC 5 application. Web API 2 controller for processing of document images. JavaScript classes and controls for viewing, printing and processing of images and PDF documents in any HTML5 web browser.","Vintasoft,Imaging,.net,sdk,library,ASP.NET,MVC5,application,web,api,2,controller,document,image,processing,process,view,viewer,HTML5,vb.net,c#",2374,False,1.5.15.1
VintaSoft Ltd.,2017-05-05T12:26:06.23Z,7,350,"Process th document images and PDF documents in ASP.NET MVC 5 application. Web API 2 controller for processing of document images. JavaScript classes and controls for viewing, printing and processing of images and PDF documents in any HTML5 web browser.",Vintasoft.Imaging.DocCleanup.Web.Api2Controllers,False,2018-04-13T12:00:23.773+00:00,False,False,"Process th document images and PDF documents in ASP.NET MVC 5 application. Web API 2 controller for processing of document images. JavaScript classes and controls for viewing, printing and processing of images and PDF documents in any HTML5 web browser.","Vintasoft,Imaging,.net,sdk,library,ASP.NET,MVC5,application,web,api,2,controller,document,image,processing,process,view,viewer,HTML5,vb.net,c#",2374,False,1.5.1.1
VintaSoft Ltd.,2017-12-15T12:37:09Z,7,126,"Process th document images and PDF documents in ASP.NET MVC 5 application. Web API 2 controller for processing of document images. JavaScript classes and controls for viewing, printing and processing of images and PDF documents in any HTML5 web browser.",Vintasoft.Imaging.DocCleanup.Web.Api2Controllers,False,2018-04-13T12:00:23.773+00:00,False,False,"Process th document images and PDF documents in ASP.NET MVC 5 application. Web API 2 controller for processing of document images. JavaScript classes and controls for viewing, printing and processing of images and PDF documents in any HTML5 web browser.","Vintasoft,Imaging,.net,sdk,library,ASP.NET,MVC5,application,web,api,2,controller,document,image,processing,process,view,viewer,HTML5,vb.net,c#",2374,False,1.6.0.1
VintaSoft Ltd.,2017-12-01T09:51:58.817Z,7,140,"Process th document images and PDF documents in ASP.NET MVC 5 application. Web API 2 controller for processing of document images. JavaScript classes and controls for viewing, printing and processing of images and PDF documents in any HTML5 web browser.",Vintasoft.Imaging.DocCleanup.Web.Api2Controllers,False,2018-04-13T12:00:23.773+00:00,False,False,"Process th document images and PDF documents in ASP.NET MVC 5 application. Web API 2 controller for processing of document images. JavaScript classes and controls for viewing, printing and processing of images and PDF documents in any HTML5 web browser.","Vintasoft,Imaging,.net,sdk,library,ASP.NET,MVC5,application,web,api,2,controller,document,image,processing,process,view,viewer,HTML5,vb.net,c#",2374,False,1.5.17.1
Lluis Sanchez,2018-02-16T17:54:46.61Z,2,63,"Xwt is a cross-platform UI toolkit for creating desktop applications with .NET and Mono that run on multiple platforms from the same codebase.

Xwt works by exposing one unified API across all environments that is mapped to a set of native controls on each platform.

The framework consists of the frontend (Xwt core) and platform specific backends. Additionally to this core Xwt package you need to add an Xwt toolkit package (Xwt.*) for every platform you want your application to target.",Xwt,False,2018-04-18T12:46:55.713+00:00,True,False,Xwt UI Framework,"xwt,cross,platform,gui,ui,toolkit,framework,desktop,wpf,mac,osx,monomac,cocoa,gtk",16442,False,0.2.74
"Christian Junk,NHibernate.org",2018-02-16T18:01:39.19Z,43209,63,The Jet driver and dialect for NHibernate.,Geomatics.IO.NHibernate.JetDriver,True,1900-01-01T00:00:00+00:00,False,False,,"NHibernate,jet,driver,csharp,csharp-library,dotnet",285,False,4.1.1.4000-b8
Lluis Sanchez,2018-02-16T17:55:23.44Z,2,63,"Xwt is a cross-platform UI toolkit for creating desktop applications with .NET and Mono.

This package contains the GTK toolkit backend for Xwt based applications targeting GTK2 on Windows.

Xwt.Gtk requires gtk-sharp (https://github.com/mono/gtk-sharp/). The Windows installation package can be obtained from http://www.monodevelop.com/download/#win.",Xwt.Gtk.Windows,False,2018-04-18T12:47:34.09+00:00,True,False,Gtk Toolkit for the Xwt UI Framework on Windows,"xwt,cross,platform,gui,ui,toolkit,framework,desktop,gtk,gtk2",7515,False,0.2.74
Lluis Sanchez,2018-02-16T17:55:35.987Z,2,63,"Xwt is a cross-platform UI toolkit for creating desktop applications with .NET and Mono.

This package contains the GTK3 toolkit backend for Xwt based applications targeting GTK3.

Xwt.Gtk3 requires gtk-sharp3 (https://github.com/mono/gtk-sharp/). The Windows installation package can be obtained from https://download.gnome.org/binaries/win32/gtk-sharp/.",Xwt.Gtk3,False,2018-04-18T12:47:45.577+00:00,True,False,Gtk3 Toolkit for the Xwt UI Framework,"xwt,cross,platform,gui,ui,toolkit,framework,desktop,gtk,gtk3",7510,False,0.2.74
Neomode.Cloudfy.Integration,2018-02-16T17:55:03.89Z,63,63,Package Description,Neomode.Cloudfy.Integration,False,2018-02-16T17:55:03.89+00:00,True,False,,,585,False,1.1.5
Lluis Sanchez,2018-02-16T17:55:48.847Z,2,63,"Xwt is a cross-platform UI toolkit for creating desktop applications with .NET and Mono.
		
This package contains the WPF toolkit backend for Xwt based applications targeting WPF (Windows Presentation Foundation).",Xwt.WPF,False,2018-04-18T12:47:57.107+00:00,True,False,Wpf Toolkit for the Xwt UI Framework,"xwt,cross,platform,gui,ui,toolkit,framework,desktop,wpf",8276,False,0.2.74
Peter William Wagner & Simon Coghlan,2018-02-16T17:58:21.37Z,63,63,"Updated to work with .NET Framework 4.7.1. 

Release version 1801b

Includes fixes made possible by Simon Coghlan (aka Smurf-IV).

The 2018-01-24 branch update.",KryptonToolkitSuite471,False,2018-02-16T17:58:21.37+00:00,True,False,"Updated to work with .NET Framework 4.7.1.

Release version 1801b

Includes fixes made possible by Simon Coghlan (aka Smurf-IV).

The 2018-01-24 branch update.",,423,False,4.71.554
Jaxel Rojas,2018-02-16T17:57:21.96Z,43209,63,This Release is a port of the Lightning Cache Nancy Fx Library for Net Core.,Nancy.LightningCache.AspNetCore,False,1900-01-01T00:00:00+00:00,False,False,,"Cache,NancyFx",-1,False,0.1.1
vvvv,2018-02-16T17:52:50.217Z,11,63,OpenCV for VL,VL.OpenCV,True,2018-04-09T15:31:54.46+00:00,True,False,,"VL,opencv",5264,False,0.1.22-alpha
Lluis Sanchez,2018-02-16T17:55:10.627Z,2,63,"Xwt is a cross-platform UI toolkit for creating desktop applications with .NET and Mono.

This package contains the GTK toolkit backend for Xwt based applications targeting GTK2 on Mac.

Xwt.Gtk requires gtk-sharp (https://github.com/mono/gtk-sharp/). The Windows installation package can be obtained from http://www.monodevelop.com/download/#win.",Xwt.Gtk.Mac,False,2018-04-18T12:47:22.45+00:00,True,False,Gtk Toolkit for the Xwt UI Framework on Mac,"xwt,cross,platform,gui,ui,toolkit,framework,desktop,gtk,gtk2",7067,False,0.2.74
Lluis Sanchez,2018-02-16T17:56:03.02Z,2,63,"Xwt is a cross-platform UI toolkit for creating desktop applications with .NET and Mono.

This package contains the Xamarin.Mac based Mac/Cocoa toolkit backend for Xwt applications targeting OS X.

Xwt.XamMac requires Xamarin.Mac to be installed.",Xwt.XamMac,False,2018-04-18T12:48:08.843+00:00,True,False,Xamarin Mac Toolkit for the Xwt UI Framework,"xwt,cross,platform,gui,ui,toolkit,framework,desktop,mac,osx,monomac,cocoa",8394,False,0.2.74
Lluis Sanchez,2018-02-16T17:54:57.94Z,2,63,"Xwt is a cross-platform UI toolkit for creating desktop applications with .NET and Mono.

This package contains the GTK toolkit backend for Xwt based applications targeting GTK2.

Xwt.Gtk requires gtk-sharp (https://github.com/mono/gtk-sharp/). The Windows installation package can be obtained from http://www.monodevelop.com/download/#win.",Xwt.Gtk,False,2018-04-18T12:47:10.12+00:00,True,False,Gtk Toolkit for the Xwt UI Framework,"xwt,cross,platform,gui,ui,toolkit,framework,desktop,gtk,gtk2",8563,False,0.2.74
Neomode.Cloudfy.Jobs,2018-02-16T17:55:56.22Z,63,63,Package Description,Neomode.Cloudfy.Jobs,False,2018-02-16T17:55:56.22+00:00,True,False,,,464,False,1.1.5
VintaSoft Ltd.,2017-12-27T12:29:10.133Z,7,114,"WPF controls for viewing and printing DICOM images. VintaSoft DICOM .NET Plug-in is the add-on for VintaSoft Imaging .NET SDK, which allows to decode DICOM images in .NET.",Vintasoft.Imaging.Dicom.Wpf.UI,False,2018-04-13T11:53:50.837+00:00,False,False,"WPF controls for viewing and printing DICOM images. VintaSoft DICOM .NET Plug-in is the add-on for VintaSoft Imaging .NET SDK, which allows to decode DICOM images in .NET.","Vintasoft,Imaging,.net,sdk,DICOM,image,WinForms,viewer,decode,metadata,edit",3164,False,1.6.1.1
Christian Junk,2018-02-14T09:28:03.783Z,43209,65,The Jet driver and dialect for NHibernate.,Geomatics.IO.NHibernate.JetDriver,False,1900-01-01T00:00:00+00:00,False,False,,"NHibernate,jet,driver,csharp,csharp-library,dotnet",285,False,4.0.0.4000
VintaSoft Ltd.,2017-12-15T12:31:47.17Z,7,126,"WPF controls for viewing and printing DICOM images. VintaSoft DICOM .NET Plug-in is the add-on for VintaSoft Imaging .NET SDK, which allows to decode DICOM images in .NET.",Vintasoft.Imaging.Dicom.Wpf.UI,False,2018-04-13T11:53:50.837+00:00,False,False,"WPF controls for viewing and printing DICOM images. VintaSoft DICOM .NET Plug-in is the add-on for VintaSoft Imaging .NET SDK, which allows to decode DICOM images in .NET.","Vintasoft,Imaging,.net,sdk,DICOM,image,WinForms,viewer,decode,metadata,edit",3164,False,1.6.0.1
VintaSoft Ltd.,2018-01-25T09:13:41.42Z,7,85,"WPF controls for viewing and printing DICOM images. VintaSoft DICOM .NET Plug-in is the add-on for VintaSoft Imaging .NET SDK, which allows to decode DICOM images in .NET.",Vintasoft.Imaging.Dicom.Wpf.UI,False,2018-04-13T11:53:50.837+00:00,False,False,"WPF controls for viewing and printing DICOM images. VintaSoft DICOM .NET Plug-in is the add-on for VintaSoft Imaging .NET SDK, which allows to decode DICOM images in .NET.","Vintasoft,Imaging,.net,sdk,DICOM,image,WinForms,viewer,decode,metadata,edit",3164,False,1.6.3.1
"Bruno Lowagie,Paulo Soares,et al.",2014-09-25T05:46:01.947Z,79,1303,iTextSharp is a port of the iText open source java library for PDF generation written entirely in C# for the .NET platform.,iTextSharp,False,2018-01-31T08:41:08.407+00:00,True,False,iTextSharp is a port of the iText open source java library for PDF generation written entirely in C# for the .NET platform.,"itext,itextsharp,c#,.net,csharp,pdf",3049494,False,5.5.3
VintaSoft Ltd.,2018-01-12T13:37:14.873Z,7,98,"WPF controls for viewing and printing DICOM images. VintaSoft DICOM .NET Plug-in is the add-on for VintaSoft Imaging .NET SDK, which allows to decode DICOM images in .NET.",Vintasoft.Imaging.Dicom.Wpf.UI,False,2018-04-13T11:53:50.837+00:00,False,False,"WPF controls for viewing and printing DICOM images. VintaSoft DICOM .NET Plug-in is the add-on for VintaSoft Imaging .NET SDK, which allows to decode DICOM images in .NET.","Vintasoft,Imaging,.net,sdk,DICOM,image,WinForms,viewer,decode,metadata,edit",3164,False,1.6.2.1
"Christian Junk,NHibernate.org",2018-02-16T18:01:39.19Z,43209,63,The Jet driver and dialect for NHibernate.,Geomatics.IO.NHibernate.JetDriver,True,1900-01-01T00:00:00+00:00,False,False,,"NHibernate,jet,driver,csharp,csharp-library,dotnet",285,False,4.1.1.4000-b8
VintaSoft Ltd.,2017-12-01T09:46:55.97Z,7,140,"WPF controls for viewing and printing DICOM images. VintaSoft DICOM .NET Plug-in is the add-on for VintaSoft Imaging .NET SDK, which allows to decode DICOM images in .NET.",Vintasoft.Imaging.Dicom.Wpf.UI,False,2018-04-13T11:53:50.837+00:00,False,False,"WPF controls for viewing and printing DICOM images. VintaSoft DICOM .NET Plug-in is the add-on for VintaSoft Imaging .NET SDK, which allows to decode DICOM images in .NET.","Vintasoft,Imaging,.net,sdk,DICOM,image,WinForms,viewer,decode,metadata,edit",3164,False,1.5.17.1
VintaSoft Ltd.,2017-11-17T12:49:32.327Z,7,154,"WPF controls for viewing and printing DICOM images. VintaSoft DICOM .NET Plug-in is the add-on for VintaSoft Imaging .NET SDK, which allows to decode DICOM images in .NET.",Vintasoft.Imaging.Dicom.Wpf.UI,False,2018-04-13T11:53:50.837+00:00,False,False,"WPF controls for viewing and printing DICOM images. VintaSoft DICOM .NET Plug-in is the add-on for VintaSoft Imaging .NET SDK, which allows to decode DICOM images in .NET.","Vintasoft,Imaging,.net,sdk,DICOM,image,WinForms,viewer,decode,metadata,edit",3164,False,1.5.16.1
VintaSoft Ltd.,2017-11-08T14:41:14.637Z,7,163,"WPF controls for viewing and printing DICOM images. VintaSoft DICOM .NET Plug-in is the add-on for VintaSoft Imaging .NET SDK, which allows to decode DICOM images in .NET.",Vintasoft.Imaging.Dicom.Wpf.UI,False,2018-04-13T11:53:50.837+00:00,False,False,"WPF controls for viewing and printing DICOM images. VintaSoft DICOM .NET Plug-in is the add-on for VintaSoft Imaging .NET SDK, which allows to decode DICOM images in .NET.","Vintasoft,Imaging,.net,sdk,DICOM,image,WinForms,viewer,decode,metadata,edit",3164,False,1.5.15.1
VintaSoft Ltd.,2017-10-20T12:39:08.45Z,7,182,"WPF controls for viewing and printing DICOM images. VintaSoft DICOM .NET Plug-in is the add-on for VintaSoft Imaging .NET SDK, which allows to decode DICOM images in .NET.",Vintasoft.Imaging.Dicom.Wpf.UI,False,2018-04-13T11:53:50.837+00:00,False,False,"WPF controls for viewing and printing DICOM images. VintaSoft DICOM .NET Plug-in is the add-on for VintaSoft Imaging .NET SDK, which allows to decode DICOM images in .NET.","Vintasoft,Imaging,.net,sdk,DICOM,image,WinForms,viewer,decode,metadata,edit",3164,False,1.5.14.1
VintaSoft Ltd.,2017-10-06T13:36:13.313Z,7,196,"WPF controls for viewing and printing DICOM images. VintaSoft DICOM .NET Plug-in is the add-on for VintaSoft Imaging .NET SDK, which allows to decode DICOM images in .NET.",Vintasoft.Imaging.Dicom.Wpf.UI,False,2018-04-13T11:53:50.837+00:00,False,False,"WPF controls for viewing and printing DICOM images. VintaSoft DICOM .NET Plug-in is the add-on for VintaSoft Imaging .NET SDK, which allows to decode DICOM images in .NET.","Vintasoft,Imaging,.net,sdk,DICOM,image,WinForms,viewer,decode,metadata,edit",3164,False,1.5.13.1
VintaSoft Ltd.,2017-10-02T12:39:48.317Z,7,200,"WPF controls for viewing and printing DICOM images. VintaSoft DICOM .NET Plug-in is the add-on for VintaSoft Imaging .NET SDK, which allows to decode DICOM images in .NET.",Vintasoft.Imaging.Dicom.Wpf.UI,False,2018-04-13T11:53:50.837+00:00,False,False,"WPF controls for viewing and printing DICOM images. VintaSoft DICOM .NET Plug-in is the add-on for VintaSoft Imaging .NET SDK, which allows to decode DICOM images in .NET.","Vintasoft,Imaging,.net,sdk,DICOM,image,WinForms,viewer,decode,metadata,edit",3164,False,1.5.12.1
VintaSoft Ltd.,2017-09-19T13:05:32.513Z,7,213,"WPF controls for viewing and printing DICOM images. VintaSoft DICOM .NET Plug-in is the add-on for VintaSoft Imaging .NET SDK, which allows to decode DICOM images in .NET.",Vintasoft.Imaging.Dicom.Wpf.UI,False,2018-04-13T11:53:50.837+00:00,False,False,"WPF controls for viewing and printing DICOM images. VintaSoft DICOM .NET Plug-in is the add-on for VintaSoft Imaging .NET SDK, which allows to decode DICOM images in .NET.","Vintasoft,Imaging,.net,sdk,DICOM,image,WinForms,viewer,decode,metadata,edit",3164,False,1.5.11.1
VintaSoft Ltd.,2017-09-08T12:20:35.027Z,7,224,"WPF controls for viewing and printing DICOM images. VintaSoft DICOM .NET Plug-in is the add-on for VintaSoft Imaging .NET SDK, which allows to decode DICOM images in .NET.",Vintasoft.Imaging.Dicom.Wpf.UI,False,2018-04-13T11:53:50.837+00:00,False,False,"WPF controls for viewing and printing DICOM images. VintaSoft DICOM .NET Plug-in is the add-on for VintaSoft Imaging .NET SDK, which allows to decode DICOM images in .NET.","Vintasoft,Imaging,.net,sdk,DICOM,image,WinForms,viewer,decode,metadata,edit",3164,False,1.5.10.1
VintaSoft Ltd.,2017-08-03T11:54:12.48Z,7,260,"WPF controls for viewing and printing DICOM images. VintaSoft DICOM .NET Plug-in is the add-on for VintaSoft Imaging .NET SDK, which allows to decode DICOM images in .NET.",Vintasoft.Imaging.Dicom.Wpf.UI,False,2018-04-13T11:53:50.837+00:00,False,False,"WPF controls for viewing and printing DICOM images. VintaSoft DICOM .NET Plug-in is the add-on for VintaSoft Imaging .NET SDK, which allows to decode DICOM images in .NET.","Vintasoft,Imaging,.net,sdk,DICOM,image,WinForms,viewer,decode,metadata,edit",3164,False,1.5.7.1
VintaSoft Ltd.,2017-08-16T12:46:29.3Z,7,247,"WPF controls for viewing and printing DICOM images. VintaSoft DICOM .NET Plug-in is the add-on for VintaSoft Imaging .NET SDK, which allows to decode DICOM images in .NET.",Vintasoft.Imaging.Dicom.Wpf.UI,False,2018-04-13T11:53:50.837+00:00,False,False,"WPF controls for viewing and printing DICOM images. VintaSoft DICOM .NET Plug-in is the add-on for VintaSoft Imaging .NET SDK, which allows to decode DICOM images in .NET.","Vintasoft,Imaging,.net,sdk,DICOM,image,WinForms,viewer,decode,metadata,edit",3164,False,1.5.8.1
VintaSoft Ltd.,2017-06-21T13:01:43.03Z,7,303,"WPF controls for viewing and printing DICOM images. VintaSoft DICOM .NET Plug-in is the add-on for VintaSoft Imaging .NET SDK, which allows to decode DICOM images in .NET.",Vintasoft.Imaging.Dicom.Wpf.UI,False,2018-04-13T11:53:50.837+00:00,False,False,"WPF controls for viewing and printing DICOM images. VintaSoft DICOM .NET Plug-in is the add-on for VintaSoft Imaging .NET SDK, which allows to decode DICOM images in .NET.","Vintasoft,Imaging,.net,sdk,DICOM,image,WinForms,viewer,decode,metadata,edit",3164,False,1.5.4.1
VintaSoft Ltd.,2017-07-20T11:45:59.2Z,7,274,"WPF controls for viewing and printing DICOM images. VintaSoft DICOM .NET Plug-in is the add-on for VintaSoft Imaging .NET SDK, which allows to decode DICOM images in .NET.",Vintasoft.Imaging.Dicom.Wpf.UI,False,2018-04-13T11:53:50.837+00:00,False,False,"WPF controls for viewing and printing DICOM images. VintaSoft DICOM .NET Plug-in is the add-on for VintaSoft Imaging .NET SDK, which allows to decode DICOM images in .NET.","Vintasoft,Imaging,.net,sdk,DICOM,image,WinForms,viewer,decode,metadata,edit",3164,False,1.5.6.1
VintaSoft Ltd.,2017-07-06T18:34:17.057Z,7,288,"WPF controls for viewing and printing DICOM images. VintaSoft DICOM .NET Plug-in is the add-on for VintaSoft Imaging .NET SDK, which allows to decode DICOM images in .NET.",Vintasoft.Imaging.Dicom.Wpf.UI,False,2018-04-13T11:53:50.837+00:00,False,False,"WPF controls for viewing and printing DICOM images. VintaSoft DICOM .NET Plug-in is the add-on for VintaSoft Imaging .NET SDK, which allows to decode DICOM images in .NET.","Vintasoft,Imaging,.net,sdk,DICOM,image,WinForms,viewer,decode,metadata,edit",3164,False,1.5.5.1
VintaSoft Ltd.,2017-05-29T08:19:31.643Z,7,326,"WPF controls for viewing and printing DICOM images. VintaSoft DICOM .NET Plug-in is the add-on for VintaSoft Imaging .NET SDK, which allows to decode DICOM images in .NET.",Vintasoft.Imaging.Dicom.Wpf.UI,False,2018-04-13T11:53:50.837+00:00,False,False,"WPF controls for viewing and printing DICOM images. VintaSoft DICOM .NET Plug-in is the add-on for VintaSoft Imaging .NET SDK, which allows to decode DICOM images in .NET.","Vintasoft,Imaging,.net,sdk,DICOM,image,WinForms,viewer,decode,metadata,edit",3164,False,1.5.3.2
"Bruno Lowagie,Paulo Soares,et al.",2014-07-29T05:37:31.38Z,79,1361,iTextSharp is a port of the iText open source java library for PDF generation written entirely in C# for the .NET platform.,iTextSharp,False,2018-01-31T08:41:08.407+00:00,True,False,iTextSharp is a port of the iText open source java library for PDF generation written entirely in C# for the .NET platform.,"itext,itextsharp,c#,.net,csharp,pdf",3049494,False,5.5.2
VintaSoft Ltd.,2017-03-03T08:40:26Z,7,413,"WPF controls for viewing and printing DICOM images. VintaSoft DICOM .NET Plug-in is the add-on for VintaSoft Imaging .NET SDK, which allows to decode DICOM images in .NET.",Vintasoft.Imaging.Dicom.Wpf.UI,False,2018-04-13T11:53:50.837+00:00,False,False,"WPF controls for viewing and printing DICOM images. VintaSoft DICOM .NET Plug-in is the add-on for VintaSoft Imaging .NET SDK, which allows to decode DICOM images in .NET.","Vintasoft,Imaging,.net,sdk,DICOM,image,WinForms,viewer,decode,metadata,edit",3164,False,1.4.17.1
VintaSoft Ltd.,2017-02-10T15:00:08.69Z,7,434,"WPF controls for viewing and printing DICOM images. VintaSoft DICOM .NET Plug-in is the add-on for VintaSoft Imaging .NET SDK, which allows to decode DICOM images in .NET.",Vintasoft.Imaging.Dicom.Wpf.UI,False,2018-04-13T11:53:50.837+00:00,False,False,"WPF controls for viewing and printing DICOM images. VintaSoft DICOM .NET Plug-in is the add-on for VintaSoft Imaging .NET SDK, which allows to decode DICOM images in .NET.","Vintasoft,Imaging,.net,sdk,DICOM,image,WinForms,viewer,decode,metadata,edit",3164,False,1.4.15.1
VintaSoft Ltd.,2017-05-05T12:05:20.86Z,7,350,"WPF controls for viewing and printing DICOM images. VintaSoft DICOM .NET Plug-in is the add-on for VintaSoft Imaging .NET SDK, which allows to decode DICOM images in .NET.",Vintasoft.Imaging.Dicom.Wpf.UI,False,2018-04-13T11:53:50.837+00:00,False,False,"WPF controls for viewing and printing DICOM images. VintaSoft DICOM .NET Plug-in is the add-on for VintaSoft Imaging .NET SDK, which allows to decode DICOM images in .NET.","Vintasoft,Imaging,.net,sdk,DICOM,image,WinForms,viewer,decode,metadata,edit",3164,False,1.5.1.1
VintaSoft Ltd.,2017-01-27T08:31:34.127Z,7,448,"WPF controls for viewing and printing DICOM images. VintaSoft DICOM .NET Plug-in is the add-on for VintaSoft Imaging .NET SDK, which allows to decode DICOM images in .NET.",Vintasoft.Imaging.Dicom.Wpf.UI,False,2018-04-13T11:53:50.837+00:00,False,False,"WPF controls for viewing and printing DICOM images. VintaSoft DICOM .NET Plug-in is the add-on for VintaSoft Imaging .NET SDK, which allows to decode DICOM images in .NET.","Vintasoft,Imaging,.net,sdk,DICOM,image,WinForms,viewer,decode,metadata,edit",3164,False,1.4.13.1
VintaSoft Ltd.,2017-01-20T08:58:56.927Z,7,455,"WPF controls for viewing and printing DICOM images. VintaSoft DICOM .NET Plug-in is the add-on for VintaSoft Imaging .NET SDK, which allows to decode DICOM images in .NET.",Vintasoft.Imaging.Dicom.Wpf.UI,False,2018-04-13T11:53:50.837+00:00,False,False,"WPF controls for viewing and printing DICOM images. VintaSoft DICOM .NET Plug-in is the add-on for VintaSoft Imaging .NET SDK, which allows to decode DICOM images in .NET.","Vintasoft,Imaging,.net,sdk,DICOM,image,WinForms,viewer,decode,metadata,edit",3164,False,1.4.12.1
VintaSoft Ltd.,2017-01-12T11:05:30.797Z,7,463,"WPF controls for viewing and printing DICOM images. VintaSoft DICOM .NET Plug-in is the add-on for VintaSoft Imaging .NET SDK, which allows to decode DICOM images in .NET.",Vintasoft.Imaging.Dicom.Wpf.UI,False,2018-04-13T11:53:50.837+00:00,False,False,"WPF controls for viewing and printing DICOM images. VintaSoft DICOM .NET Plug-in is the add-on for VintaSoft Imaging .NET SDK, which allows to decode DICOM images in .NET.","Vintasoft,Imaging,.net,sdk,DICOM,image,WinForms,viewer,decode,metadata,edit",3164,False,1.4.11.1
VintaSoft Ltd.,2018-01-12T13:37:00.03Z,7,98,"WinForms controls for viewing and printing DICOM images. VintaSoft DICOM .NET Plug-in is the add-on for VintaSoft Imaging .NET SDK, which allows to decode DICOM images in .NET.",Vintasoft.Imaging.Dicom.UI,False,2018-04-13T11:53:33.883+00:00,False,False,"WinForms controls for viewing and printing DICOM images. VintaSoft DICOM .NET Plug-in is the add-on for VintaSoft Imaging .NET SDK, which allows to decode DICOM images in .NET.","Vintasoft,Imaging,.net,sdk,DICOM,image,WinForms,viewer,decode,metadata,edit",3195,False,1.6.2.1
VintaSoft Ltd.,2018-01-25T09:13:26.857Z,7,85,"WinForms controls for viewing and printing DICOM images. VintaSoft DICOM .NET Plug-in is the add-on for VintaSoft Imaging .NET SDK, which allows to decode DICOM images in .NET.",Vintasoft.Imaging.Dicom.UI,False,2018-04-13T11:53:33.883+00:00,False,False,"WinForms controls for viewing and printing DICOM images. VintaSoft DICOM .NET Plug-in is the add-on for VintaSoft Imaging .NET SDK, which allows to decode DICOM images in .NET.","Vintasoft,Imaging,.net,sdk,DICOM,image,WinForms,viewer,decode,metadata,edit",3195,False,1.6.3.1
VintaSoft Ltd.,2017-12-01T09:46:42.657Z,7,140,"WinForms controls for viewing and printing DICOM images. VintaSoft DICOM .NET Plug-in is the add-on for VintaSoft Imaging .NET SDK, which allows to decode DICOM images in .NET.",Vintasoft.Imaging.Dicom.UI,False,2018-04-13T11:53:33.883+00:00,False,False,"WinForms controls for viewing and printing DICOM images. VintaSoft DICOM .NET Plug-in is the add-on for VintaSoft Imaging .NET SDK, which allows to decode DICOM images in .NET.","Vintasoft,Imaging,.net,sdk,DICOM,image,WinForms,viewer,decode,metadata,edit",3195,False,1.5.17.1
VintaSoft Ltd.,2017-12-27T12:28:55.6Z,7,114,"WinForms controls for viewing and printing DICOM images. VintaSoft DICOM .NET Plug-in is the add-on for VintaSoft Imaging .NET SDK, which allows to decode DICOM images in .NET.",Vintasoft.Imaging.Dicom.UI,False,2018-04-13T11:53:33.883+00:00,False,False,"WinForms controls for viewing and printing DICOM images. VintaSoft DICOM .NET Plug-in is the add-on for VintaSoft Imaging .NET SDK, which allows to decode DICOM images in .NET.","Vintasoft,Imaging,.net,sdk,DICOM,image,WinForms,viewer,decode,metadata,edit",3195,False,1.6.1.1
VintaSoft Ltd.,2017-12-15T12:31:29.14Z,7,126,"WinForms controls for viewing and printing DICOM images. VintaSoft DICOM .NET Plug-in is the add-on for VintaSoft Imaging .NET SDK, which allows to decode DICOM images in .NET.",Vintasoft.Imaging.Dicom.UI,False,2018-04-13T11:53:33.883+00:00,False,False,"WinForms controls for viewing and printing DICOM images. VintaSoft DICOM .NET Plug-in is the add-on for VintaSoft Imaging .NET SDK, which allows to decode DICOM images in .NET.","Vintasoft,Imaging,.net,sdk,DICOM,image,WinForms,viewer,decode,metadata,edit",3195,False,1.6.0.1
VintaSoft Ltd.,2017-11-17T12:49:19.347Z,7,154,"WinForms controls for viewing and printing DICOM images. VintaSoft DICOM .NET Plug-in is the add-on for VintaSoft Imaging .NET SDK, which allows to decode DICOM images in .NET.",Vintasoft.Imaging.Dicom.UI,False,2018-04-13T11:53:33.883+00:00,False,False,"WinForms controls for viewing and printing DICOM images. VintaSoft DICOM .NET Plug-in is the add-on for VintaSoft Imaging .NET SDK, which allows to decode DICOM images in .NET.","Vintasoft,Imaging,.net,sdk,DICOM,image,WinForms,viewer,decode,metadata,edit",3195,False,1.5.16.1
VintaSoft Ltd.,2017-11-08T14:40:58.92Z,7,163,"WinForms controls for viewing and printing DICOM images. VintaSoft DICOM .NET Plug-in is the add-on for VintaSoft Imaging .NET SDK, which allows to decode DICOM images in .NET.",Vintasoft.Imaging.Dicom.UI,False,2018-04-13T11:53:33.883+00:00,False,False,"WinForms controls for viewing and printing DICOM images. VintaSoft DICOM .NET Plug-in is the add-on for VintaSoft Imaging .NET SDK, which allows to decode DICOM images in .NET.","Vintasoft,Imaging,.net,sdk,DICOM,image,WinForms,viewer,decode,metadata,edit",3195,False,1.5.15.1
VintaSoft Ltd.,2017-10-20T12:38:52.827Z,7,182,"WinForms controls for viewing and printing DICOM images. VintaSoft DICOM .NET Plug-in is the add-on for VintaSoft Imaging .NET SDK, which allows to decode DICOM images in .NET.",Vintasoft.Imaging.Dicom.UI,False,2018-04-13T11:53:33.883+00:00,False,False,"WinForms controls for viewing and printing DICOM images. VintaSoft DICOM .NET Plug-in is the add-on for VintaSoft Imaging .NET SDK, which allows to decode DICOM images in .NET.","Vintasoft,Imaging,.net,sdk,DICOM,image,WinForms,viewer,decode,metadata,edit",3195,False,1.5.14.1
VintaSoft Ltd.,2017-10-06T13:35:59.737Z,7,196,"WinForms controls for viewing and printing DICOM images. VintaSoft DICOM .NET Plug-in is the add-on for VintaSoft Imaging .NET SDK, which allows to decode DICOM images in .NET.",Vintasoft.Imaging.Dicom.UI,False,2018-04-13T11:53:33.883+00:00,False,False,"WinForms controls for viewing and printing DICOM images. VintaSoft DICOM .NET Plug-in is the add-on for VintaSoft Imaging .NET SDK, which allows to decode DICOM images in .NET.","Vintasoft,Imaging,.net,sdk,DICOM,image,WinForms,viewer,decode,metadata,edit",3195,False,1.5.13.1
VintaSoft Ltd.,2017-10-02T12:39:32.77Z,7,200,"WinForms controls for viewing and printing DICOM images. VintaSoft DICOM .NET Plug-in is the add-on for VintaSoft Imaging .NET SDK, which allows to decode DICOM images in .NET.",Vintasoft.Imaging.Dicom.UI,False,2018-04-13T11:53:33.883+00:00,False,False,"WinForms controls for viewing and printing DICOM images. VintaSoft DICOM .NET Plug-in is the add-on for VintaSoft Imaging .NET SDK, which allows to decode DICOM images in .NET.","Vintasoft,Imaging,.net,sdk,DICOM,image,WinForms,viewer,decode,metadata,edit",3195,False,1.5.12.1
VintaSoft Ltd.,2017-09-19T13:05:19.047Z,7,213,"WinForms controls for viewing and printing DICOM images. VintaSoft DICOM .NET Plug-in is the add-on for VintaSoft Imaging .NET SDK, which allows to decode DICOM images in .NET.",Vintasoft.Imaging.Dicom.UI,False,2018-04-13T11:53:33.883+00:00,False,False,"WinForms controls for viewing and printing DICOM images. VintaSoft DICOM .NET Plug-in is the add-on for VintaSoft Imaging .NET SDK, which allows to decode DICOM images in .NET.","Vintasoft,Imaging,.net,sdk,DICOM,image,WinForms,viewer,decode,metadata,edit",3195,False,1.5.11.1
VintaSoft Ltd.,2017-09-08T12:20:21.81Z,7,224,"WinForms controls for viewing and printing DICOM images. VintaSoft DICOM .NET Plug-in is the add-on for VintaSoft Imaging .NET SDK, which allows to decode DICOM images in .NET.",Vintasoft.Imaging.Dicom.UI,False,2018-04-13T11:53:33.883+00:00,False,False,"WinForms controls for viewing and printing DICOM images. VintaSoft DICOM .NET Plug-in is the add-on for VintaSoft Imaging .NET SDK, which allows to decode DICOM images in .NET.","Vintasoft,Imaging,.net,sdk,DICOM,image,WinForms,viewer,decode,metadata,edit",3195,False,1.5.10.1
"Bruno Lowagie,Paulo Soares,et al.",2014-05-20T09:21:38.193Z,79,1431,iTextSharp is a port of the iText open source java library for PDF generation written entirely in C# for the .NET platform.,iTextSharp,False,2018-01-31T08:41:08.407+00:00,True,False,iTextSharp is a port of the iText open source java library for PDF generation written entirely in C# for the .NET platform.,"itext,itextsharp,c#,.net,csharp,pdf",3049494,False,5.5.1
VintaSoft Ltd.,2017-08-03T11:53:57.92Z,7,260,"WinForms controls for viewing and printing DICOM images. VintaSoft DICOM .NET Plug-in is the add-on for VintaSoft Imaging .NET SDK, which allows to decode DICOM images in .NET.",Vintasoft.Imaging.Dicom.UI,False,2018-04-13T11:53:33.883+00:00,False,False,"WinForms controls for viewing and printing DICOM images. VintaSoft DICOM .NET Plug-in is the add-on for VintaSoft Imaging .NET SDK, which allows to decode DICOM images in .NET.","Vintasoft,Imaging,.net,sdk,DICOM,image,WinForms,viewer,decode,metadata,edit",3195,False,1.5.7.1
VintaSoft Ltd.,2017-08-16T12:46:15.11Z,7,247,"WinForms controls for viewing and printing DICOM images. VintaSoft DICOM .NET Plug-in is the add-on for VintaSoft Imaging .NET SDK, which allows to decode DICOM images in .NET.",Vintasoft.Imaging.Dicom.UI,False,2018-04-13T11:53:33.883+00:00,False,False,"WinForms controls for viewing and printing DICOM images. VintaSoft DICOM .NET Plug-in is the add-on for VintaSoft Imaging .NET SDK, which allows to decode DICOM images in .NET.","Vintasoft,Imaging,.net,sdk,DICOM,image,WinForms,viewer,decode,metadata,edit",3195,False,1.5.8.1
VintaSoft Ltd.,2017-07-20T11:45:46.463Z,7,274,"WinForms controls for viewing and printing DICOM images. VintaSoft DICOM .NET Plug-in is the add-on for VintaSoft Imaging .NET SDK, which allows to decode DICOM images in .NET.",Vintasoft.Imaging.Dicom.UI,False,2018-04-13T11:53:33.883+00:00,False,False,"WinForms controls for viewing and printing DICOM images. VintaSoft DICOM .NET Plug-in is the add-on for VintaSoft Imaging .NET SDK, which allows to decode DICOM images in .NET.","Vintasoft,Imaging,.net,sdk,DICOM,image,WinForms,viewer,decode,metadata,edit",3195,False,1.5.6.1
VintaSoft Ltd.,2017-07-06T18:34:04.603Z,7,288,"WinForms controls for viewing and printing DICOM images. VintaSoft DICOM .NET Plug-in is the add-on for VintaSoft Imaging .NET SDK, which allows to decode DICOM images in .NET.",Vintasoft.Imaging.Dicom.UI,False,2018-04-13T11:53:33.883+00:00,False,False,"WinForms controls for viewing and printing DICOM images. VintaSoft DICOM .NET Plug-in is the add-on for VintaSoft Imaging .NET SDK, which allows to decode DICOM images in .NET.","Vintasoft,Imaging,.net,sdk,DICOM,image,WinForms,viewer,decode,metadata,edit",3195,False,1.5.5.1
VintaSoft Ltd.,2017-05-05T12:03:00.36Z,7,350,"WinForms controls for viewing and printing DICOM images. VintaSoft DICOM .NET Plug-in is the add-on for VintaSoft Imaging .NET SDK, which allows to decode DICOM images in .NET.",Vintasoft.Imaging.Dicom.UI,False,2018-04-13T11:53:33.883+00:00,False,False,"WinForms controls for viewing and printing DICOM images. VintaSoft DICOM .NET Plug-in is the add-on for VintaSoft Imaging .NET SDK, which allows to decode DICOM images in .NET.","Vintasoft,Imaging,.net,sdk,DICOM,image,WinForms,viewer,decode,metadata,edit",3195,False,1.5.1.1
VintaSoft Ltd.,2017-06-21T13:01:30.123Z,7,303,"WinForms controls for viewing and printing DICOM images. VintaSoft DICOM .NET Plug-in is the add-on for VintaSoft Imaging .NET SDK, which allows to decode DICOM images in .NET.",Vintasoft.Imaging.Dicom.UI,False,2018-04-13T11:53:33.883+00:00,False,False,"WinForms controls for viewing and printing DICOM images. VintaSoft DICOM .NET Plug-in is the add-on for VintaSoft Imaging .NET SDK, which allows to decode DICOM images in .NET.","Vintasoft,Imaging,.net,sdk,DICOM,image,WinForms,viewer,decode,metadata,edit",3195,False,1.5.4.1
VintaSoft Ltd.,2017-05-29T08:19:13.767Z,7,326,"WinForms controls for viewing and printing DICOM images. VintaSoft DICOM .NET Plug-in is the add-on for VintaSoft Imaging .NET SDK, which allows to decode DICOM images in .NET.",Vintasoft.Imaging.Dicom.UI,False,2018-04-13T11:53:33.883+00:00,False,False,"WinForms controls for viewing and printing DICOM images. VintaSoft DICOM .NET Plug-in is the add-on for VintaSoft Imaging .NET SDK, which allows to decode DICOM images in .NET.","Vintasoft,Imaging,.net,sdk,DICOM,image,WinForms,viewer,decode,metadata,edit",3195,False,1.5.3.2
VintaSoft Ltd.,2017-03-03T08:40:08.137Z,7,413,"WinForms controls for viewing and printing DICOM images. VintaSoft DICOM .NET Plug-in is the add-on for VintaSoft Imaging .NET SDK, which allows to decode DICOM images in .NET.",Vintasoft.Imaging.Dicom.UI,False,2018-04-13T11:53:33.883+00:00,False,False,"WinForms controls for viewing and printing DICOM images. VintaSoft DICOM .NET Plug-in is the add-on for VintaSoft Imaging .NET SDK, which allows to decode DICOM images in .NET.","Vintasoft,Imaging,.net,sdk,DICOM,image,WinForms,viewer,decode,metadata,edit",3195,False,1.4.17.1
VintaSoft Ltd.,2017-02-10T14:59:49.563Z,7,434,"WinForms controls for viewing and printing DICOM images. VintaSoft DICOM .NET Plug-in is the add-on for VintaSoft Imaging .NET SDK, which allows to decode DICOM images in .NET.",Vintasoft.Imaging.Dicom.UI,False,2018-04-13T11:53:33.883+00:00,False,False,"WinForms controls for viewing and printing DICOM images. VintaSoft DICOM .NET Plug-in is the add-on for VintaSoft Imaging .NET SDK, which allows to decode DICOM images in .NET.","Vintasoft,Imaging,.net,sdk,DICOM,image,WinForms,viewer,decode,metadata,edit",3195,False,1.4.15.1
VintaSoft Ltd.,2017-01-27T08:30:40.02Z,7,448,"WinForms controls for viewing and printing DICOM images. VintaSoft DICOM .NET Plug-in is the add-on for VintaSoft Imaging .NET SDK, which allows to decode DICOM images in .NET.",Vintasoft.Imaging.Dicom.UI,False,2018-04-13T11:53:33.883+00:00,False,False,"WinForms controls for viewing and printing DICOM images. VintaSoft DICOM .NET Plug-in is the add-on for VintaSoft Imaging .NET SDK, which allows to decode DICOM images in .NET.","Vintasoft,Imaging,.net,sdk,DICOM,image,WinForms,viewer,decode,metadata,edit",3195,False,1.4.13.1
"Bruno Lowagie,Paulo Soares,et al.",2014-02-14T11:58:15.193Z,79,1526,iTextSharp is a port of the iText open source java library for PDF generation written entirely in C# for the .NET platform.,iTextSharp,False,2018-01-31T08:41:08.407+00:00,True,False,iTextSharp is a port of the iText open source java library for PDF generation written entirely in C# for the .NET platform.,"itext,itextsharp,c#,.net,csharp,pdf",3049494,False,5.5.0
VintaSoft Ltd.,2016-12-20T07:52:04.393Z,7,486,"WinForms controls for viewing and printing DICOM images. VintaSoft DICOM .NET Plug-in is the add-on for VintaSoft Imaging .NET SDK, which allows to decode DICOM images in .NET.",Vintasoft.Imaging.Dicom.UI,False,2018-04-13T11:53:33.883+00:00,False,False,"WinForms controls for viewing and printing DICOM images. VintaSoft DICOM .NET Plug-in is the add-on for VintaSoft Imaging .NET SDK, which allows to decode DICOM images in .NET.","Vintasoft,Imaging,.net,sdk,DICOM,image,WinForms,decode,metadata,edit",3195,False,1.4.9.1
VintaSoft Ltd.,2017-01-20T08:58:33.94Z,7,455,"WinForms controls for viewing and printing DICOM images. VintaSoft DICOM .NET Plug-in is the add-on for VintaSoft Imaging .NET SDK, which allows to decode DICOM images in .NET.",Vintasoft.Imaging.Dicom.UI,False,2018-04-13T11:53:33.883+00:00,False,False,"WinForms controls for viewing and printing DICOM images. VintaSoft DICOM .NET Plug-in is the add-on for VintaSoft Imaging .NET SDK, which allows to decode DICOM images in .NET.","Vintasoft,Imaging,.net,sdk,DICOM,image,WinForms,viewer,decode,metadata,edit",3195,False,1.4.12.1
Peter William Wagner & Simon Coghlan,2018-02-16T17:58:21.37Z,63,63,"Updated to work with .NET Framework 4.7.1. 

Release version 1801b

Includes fixes made possible by Simon Coghlan (aka Smurf-IV).

The 2018-01-24 branch update.",KryptonToolkitSuite471,False,2018-02-16T17:58:21.37+00:00,True,False,"Updated to work with .NET Framework 4.7.1.

Release version 1801b

Includes fixes made possible by Simon Coghlan (aka Smurf-IV).

The 2018-01-24 branch update.",,423,False,4.71.554
VintaSoft Ltd.,2018-01-25T09:13:11.497Z,7,85,WPF controls for annotating images and PDF documents. Print annotated images and PDF documents in WPF.,Vintasoft.Imaging.Annotation.Wpf.UI,False,2018-04-13T11:53:17.397+00:00,False,False,WPF controls for annotating images and PDF documents. Print annotated images and PDF documents in WPF.,"Vintasoft,Imaging,.net,sdk,library,annotate,image,jpeg,tiff,png,dicom,PDF,document,WPF,viewer,print",3178,False,2.6.3.1
VintaSoft Ltd.,2018-01-12T13:36:44.747Z,7,98,WPF controls for annotating images and PDF documents. Print annotated images and PDF documents in WPF.,Vintasoft.Imaging.Annotation.Wpf.UI,False,2018-04-13T11:53:17.397+00:00,False,False,WPF controls for annotating images and PDF documents. Print annotated images and PDF documents in WPF.,"Vintasoft,Imaging,.net,sdk,library,annotate,image,jpeg,tiff,png,dicom,PDF,document,WPF,viewer,print",3178,False,2.6.2.1
VintaSoft Ltd.,2017-12-27T12:28:43.1Z,7,114,WPF controls for annotating images and PDF documents. Print annotated images and PDF documents in WPF.,Vintasoft.Imaging.Annotation.Wpf.UI,False,2018-04-13T11:53:17.397+00:00,False,False,WPF controls for annotating images and PDF documents. Print annotated images and PDF documents in WPF.,"Vintasoft,Imaging,.net,sdk,library,annotate,image,jpeg,tiff,png,dicom,PDF,document,WPF,viewer,print",3178,False,2.6.1.1
VintaSoft Ltd.,2017-12-15T12:31:15.657Z,7,126,WPF controls for annotating images and PDF documents. Print annotated images and PDF documents in WPF.,Vintasoft.Imaging.Annotation.Wpf.UI,False,2018-04-13T11:53:17.397+00:00,False,False,WPF controls for annotating images and PDF documents. Print annotated images and PDF documents in WPF.,"Vintasoft,Imaging,.net,sdk,library,annotate,image,jpeg,tiff,png,dicom,PDF,document,WPF,viewer,print",3178,False,2.6.0.1
VintaSoft Ltd.,2017-12-01T09:46:27.733Z,7,140,WPF controls for annotating images and PDF documents. Print annotated images and PDF documents in WPF.,Vintasoft.Imaging.Annotation.Wpf.UI,False,2018-04-13T11:53:17.397+00:00,False,False,WPF controls for annotating images and PDF documents. Print annotated images and PDF documents in WPF.,"Vintasoft,Imaging,.net,sdk,library,annotate,image,jpeg,tiff,png,dicom,PDF,document,WPF,viewer,print",3178,False,2.5.17.1
VintaSoft Ltd.,2017-11-17T12:49:05.24Z,7,154,WPF controls for annotating images and PDF documents. Print annotated images and PDF documents in WPF.,Vintasoft.Imaging.Annotation.Wpf.UI,False,2018-04-13T11:53:17.397+00:00,False,False,WPF controls for annotating images and PDF documents. Print annotated images and PDF documents in WPF.,"Vintasoft,Imaging,.net,sdk,library,annotate,image,jpeg,tiff,png,dicom,PDF,document,WPF,viewer,print",3178,False,2.5.16.1
VintaSoft Ltd.,2017-10-06T13:35:45.133Z,7,196,WPF controls for annotating images and PDF documents. Print annotated images and PDF documents in WPF.,Vintasoft.Imaging.Annotation.Wpf.UI,False,2018-04-13T11:53:17.397+00:00,False,False,WPF controls for annotating images and PDF documents. Print annotated images and PDF documents in WPF.,"Vintasoft,Imaging,.net,sdk,library,annotate,image,jpeg,tiff,png,dicom,PDF,document,WPF,viewer,print",3178,False,2.5.13.1
VintaSoft Ltd.,2017-11-08T14:40:42.763Z,7,163,WPF controls for annotating images and PDF documents. Print annotated images and PDF documents in WPF.,Vintasoft.Imaging.Annotation.Wpf.UI,False,2018-04-13T11:53:17.397+00:00,False,False,WPF controls for annotating images and PDF documents. Print annotated images and PDF documents in WPF.,"Vintasoft,Imaging,.net,sdk,library,annotate,image,jpeg,tiff,png,dicom,PDF,document,WPF,viewer,print",3178,False,2.5.15.1
VintaSoft Ltd.,2017-10-02T12:39:11.393Z,7,200,WPF controls for annotating images and PDF documents. Print annotated images and PDF documents in WPF.,Vintasoft.Imaging.Annotation.Wpf.UI,False,2018-04-13T11:53:17.397+00:00,False,False,WPF controls for annotating images and PDF documents. Print annotated images and PDF documents in WPF.,"Vintasoft,Imaging,.net,sdk,library,annotate,image,jpeg,tiff,png,dicom,PDF,document,WPF,viewer,print",3178,False,2.5.12.1
VintaSoft Ltd.,2017-10-20T12:38:37.203Z,7,182,WPF controls for annotating images and PDF documents. Print annotated images and PDF documents in WPF.,Vintasoft.Imaging.Annotation.Wpf.UI,False,2018-04-13T11:53:17.397+00:00,False,False,WPF controls for annotating images and PDF documents. Print annotated images and PDF documents in WPF.,"Vintasoft,Imaging,.net,sdk,library,annotate,image,jpeg,tiff,png,dicom,PDF,document,WPF,viewer,print",3178,False,2.5.14.1
VintaSoft Ltd.,2017-09-08T12:20:09.62Z,7,224,WPF controls for annotating images and PDF documents. Print annotated images and PDF documents in WPF.,Vintasoft.Imaging.Annotation.Wpf.UI,False,2018-04-13T11:53:17.397+00:00,False,False,WPF controls for annotating images and PDF documents. Print annotated images and PDF documents in WPF.,"Vintasoft,Imaging,.net,sdk,library,annotate,image,jpeg,tiff,png,dicom,PDF,document,WPF,viewer,print",3178,False,2.5.10.1
VintaSoft Ltd.,2017-08-16T12:46:00.8Z,7,247,WPF controls for annotating images and PDF documents. Print annotated images and PDF documents in WPF.,Vintasoft.Imaging.Annotation.Wpf.UI,False,2018-04-13T11:53:17.397+00:00,False,False,WPF controls for annotating images and PDF documents. Print annotated images and PDF documents in WPF.,"Vintasoft,Imaging,.net,sdk,library,annotate,image,jpeg,tiff,png,dicom,PDF,document,WPF,viewer,print",3178,False,2.5.8.1
"Bruno Lowagie,Paulo Soares,et al.",2013-12-06T07:54:20.933Z,79,1596,iTextSharp is a port of the iText open source java library for PDF generation written entirely in C# for the .NET platform.,iTextSharp,False,2018-01-31T08:41:08.407+00:00,True,False,iTextSharp is a port of the iText open source java library for PDF generation written entirely in C# for the .NET platform.,"itext,itextsharp,c#,.net,csharp,pdf",3049494,False,5.4.5
VintaSoft Ltd.,2017-09-19T13:05:06.843Z,7,213,WPF controls for annotating images and PDF documents. Print annotated images and PDF documents in WPF.,Vintasoft.Imaging.Annotation.Wpf.UI,False,2018-04-13T11:53:17.397+00:00,False,False,WPF controls for annotating images and PDF documents. Print annotated images and PDF documents in WPF.,"Vintasoft,Imaging,.net,sdk,library,annotate,image,jpeg,tiff,png,dicom,PDF,document,WPF,viewer,print",3178,False,2.5.11.1
VintaSoft Ltd.,2017-08-03T11:53:45.153Z,7,260,WPF controls for annotating images and PDF documents. Print annotated images and PDF documents in WPF.,Vintasoft.Imaging.Annotation.Wpf.UI,False,2018-04-13T11:53:17.397+00:00,False,False,WPF controls for annotating images and PDF documents. Print annotated images and PDF documents in WPF.,"Vintasoft,Imaging,.net,sdk,library,annotate,image,jpeg,tiff,png,dicom,PDF,document,WPF,viewer,print",3178,False,2.5.7.1
VintaSoft Ltd.,2017-07-20T11:45:34.887Z,7,274,WPF controls for annotating images and PDF documents. Print annotated images and PDF documents in WPF.,Vintasoft.Imaging.Annotation.Wpf.UI,False,2018-04-13T11:53:17.397+00:00,False,False,WPF controls for annotating images and PDF documents. Print annotated images and PDF documents in WPF.,"Vintasoft,Imaging,.net,sdk,library,annotate,image,jpeg,tiff,png,dicom,PDF,document,WPF,viewer,print",3178,False,2.5.6.1
VintaSoft Ltd.,2017-07-06T18:33:51.303Z,7,288,WPF controls for annotating images and PDF documents. Print annotated images and PDF documents in WPF.,Vintasoft.Imaging.Annotation.Wpf.UI,False,2018-04-13T11:53:17.397+00:00,False,False,WPF controls for annotating images and PDF documents. Print annotated images and PDF documents in WPF.,"Vintasoft,Imaging,.net,sdk,library,annotate,image,jpeg,tiff,png,dicom,PDF,document,WPF,viewer,print",3178,False,2.5.5.1
Jaxel Rojas,2018-02-16T17:57:21.96Z,43209,63,This Release is a port of the Lightning Cache Nancy Fx Library for Net Core.,Nancy.LightningCache.AspNetCore,False,1900-01-01T00:00:00+00:00,False,False,,"Cache,NancyFx",-1,False,0.1.1
VintaSoft Ltd.,2017-06-21T13:01:18.123Z,7,303,WPF controls for annotating images and PDF documents. Print annotated images and PDF documents in WPF.,Vintasoft.Imaging.Annotation.Wpf.UI,False,2018-04-13T11:53:17.397+00:00,False,False,WPF controls for annotating images and PDF documents. Print annotated images and PDF documents in WPF.,"Vintasoft,Imaging,.net,sdk,library,annotate,image,jpeg,tiff,png,dicom,PDF,document,WPF,viewer,print",3178,False,2.5.4.1
VintaSoft Ltd.,2017-03-03T08:39:50.05Z,7,413,WPF controls for annotating images and PDF documents. Print annotated images and PDF documents in WPF.,Vintasoft.Imaging.Annotation.Wpf.UI,False,2018-04-13T11:53:17.397+00:00,False,False,WPF controls for annotating images and PDF documents. Print annotated images and PDF documents in WPF.,"Vintasoft,Imaging,.net,sdk,library,annotate,image,jpeg,tiff,png,dicom,PDF,document,WPF,viewer,print",3178,False,2.4.17.1
Lluis Sanchez,2018-02-16T17:56:03.02Z,2,63,"Xwt is a cross-platform UI toolkit for creating desktop applications with .NET and Mono.

This package contains the Xamarin.Mac based Mac/Cocoa toolkit backend for Xwt applications targeting OS X.

Xwt.XamMac requires Xamarin.Mac to be installed.",Xwt.XamMac,False,2018-04-18T12:48:08.843+00:00,True,False,Xamarin Mac Toolkit for the Xwt UI Framework,"xwt,cross,platform,gui,ui,toolkit,framework,desktop,mac,osx,monomac,cocoa",8394,False,0.2.74
VintaSoft Ltd.,2017-05-29T08:18:55.83Z,7,326,WPF controls for annotating images and PDF documents. Print annotated images and PDF documents in WPF.,Vintasoft.Imaging.Annotation.Wpf.UI,False,2018-04-13T11:53:17.397+00:00,False,False,WPF controls for annotating images and PDF documents. Print annotated images and PDF documents in WPF.,"Vintasoft,Imaging,.net,sdk,library,annotate,image,jpeg,tiff,png,dicom,PDF,document,WPF,viewer,print",3178,False,2.5.3.2
VintaSoft Ltd.,2017-05-05T12:02:00.09Z,7,350,WPF controls for annotating images and PDF documents. Print annotated images and PDF documents in WPF.,Vintasoft.Imaging.Annotation.Wpf.UI,False,2018-04-13T11:53:17.397+00:00,False,False,WPF controls for annotating images and PDF documents. Print annotated images and PDF documents in WPF.,"Vintasoft,Imaging,.net,sdk,library,annotate,image,jpeg,tiff,png,dicom,PDF,document,WPF,viewer,print",3178,False,2.5.1.1
VintaSoft Ltd.,2017-01-20T08:58:17.083Z,7,455,WPF controls for annotating images and PDF documents. Print annotated images and PDF documents in WPF.,Vintasoft.Imaging.Annotation.Wpf.UI,False,2018-04-13T11:53:17.397+00:00,False,False,WPF controls for annotating images and PDF documents. Print annotated images and PDF documents in WPF.,"Vintasoft,Imaging,.net,sdk,library,annotate,image,jpeg,tiff,png,dicom,PDF,document,WPF,viewer,print",3178,False,2.4.12.1
VintaSoft Ltd.,2017-02-10T14:59:29.19Z,7,434,WPF controls for annotating images and PDF documents. Print annotated images and PDF documents in WPF.,Vintasoft.Imaging.Annotation.Wpf.UI,False,2018-04-13T11:53:17.397+00:00,False,False,WPF controls for annotating images and PDF documents. Print annotated images and PDF documents in WPF.,"Vintasoft,Imaging,.net,sdk,library,annotate,image,jpeg,tiff,png,dicom,PDF,document,WPF,viewer,print",3178,False,2.4.15.1
VintaSoft Ltd.,2017-01-27T08:30:18.427Z,7,448,WPF controls for annotating images and PDF documents. Print annotated images and PDF documents in WPF.,Vintasoft.Imaging.Annotation.Wpf.UI,False,2018-04-13T11:53:17.397+00:00,False,False,WPF controls for annotating images and PDF documents. Print annotated images and PDF documents in WPF.,"Vintasoft,Imaging,.net,sdk,library,annotate,image,jpeg,tiff,png,dicom,PDF,document,WPF,viewer,print",3178,False,2.4.13.1
VintaSoft Ltd.,2017-01-12T11:05:11.123Z,7,463,WPF controls for annotating images and PDF documents. Print annotated images and PDF documents in WPF.,Vintasoft.Imaging.Annotation.Wpf.UI,False,2018-04-13T11:53:17.397+00:00,False,False,WPF controls for annotating images and PDF documents. Print annotated images and PDF documents in WPF.,"Vintasoft,Imaging,.net,sdk,library,annotate,image,jpeg,tiff,png,dicom,PDF,document,WPF,viewer,print",3178,False,2.4.11.1
VintaSoft Ltd.,2017-12-27T12:34:24.23Z,7,114,View and annotate images and PDF documents in ASP.NET application. WCF service that allows to annotate an image or PDF document. JavaScript classes and controls for viewing and annotating of images and PDF documents in any HTML (SVG) or HTML5 web browser.,Vintasoft.Imaging.Annotation.Web.WcfServices,False,2018-04-13T12:00:07.663+00:00,False,False,View and annotate images and PDF documents in ASP.NET application. WCF service that allows to annotate an image or PDF document. JavaScript classes and controls for viewing and annotating of images and PDF documents in any HTML (SVG) or HTML5 web browser.,"Vintasoft,Imaging,.net,sdk,library,asp.net,WebForms,application,web,WCF,service,document,image,annotate,view,viewer,HTML,SVG,print,jpeg,pdf,tiff,png,vb.net,c#",2691,False,1.6.1.1
VintaSoft Ltd.,2017-12-15T12:36:55.547Z,7,126,View and annotate images and PDF documents in ASP.NET application. WCF service that allows to annotate an image or PDF document. JavaScript classes and controls for viewing and annotating of images and PDF documents in any HTML (SVG) or HTML5 web browser.,Vintasoft.Imaging.Annotation.Web.WcfServices,False,2018-04-13T12:00:07.663+00:00,False,False,View and annotate images and PDF documents in ASP.NET application. WCF service that allows to annotate an image or PDF document. JavaScript classes and controls for viewing and annotating of images and PDF documents in any HTML (SVG) or HTML5 web browser.,"Vintasoft,Imaging,.net,sdk,library,asp.net,WebForms,application,web,WCF,service,document,image,annotate,view,viewer,HTML,SVG,print,jpeg,pdf,tiff,png,vb.net,c#",2691,False,1.6.0.1
VintaSoft Ltd.,2018-01-25T09:19:27.693Z,7,85,View and annotate images and PDF documents in ASP.NET application. WCF service that allows to annotate an image or PDF document. JavaScript classes and controls for viewing and annotating of images and PDF documents in any HTML (SVG) or HTML5 web browser.,Vintasoft.Imaging.Annotation.Web.WcfServices,False,2018-04-13T12:00:07.663+00:00,False,False,View and annotate images and PDF documents in ASP.NET application. WCF service that allows to annotate an image or PDF document. JavaScript classes and controls for viewing and annotating of images and PDF documents in any HTML (SVG) or HTML5 web browser.,"Vintasoft,Imaging,.net,sdk,library,asp.net,WebForms,application,web,WCF,service,document,image,annotate,view,viewer,HTML,SVG,print,jpeg,pdf,tiff,png,vb.net,c#",2691,False,1.6.3.1
VintaSoft Ltd.,2018-01-12T13:42:29.68Z,7,98,View and annotate images and PDF documents in ASP.NET application. WCF service that allows to annotate an image or PDF document. JavaScript classes and controls for viewing and annotating of images and PDF documents in any HTML (SVG) or HTML5 web browser.,Vintasoft.Imaging.Annotation.Web.WcfServices,False,2018-04-13T12:00:07.663+00:00,False,False,View and annotate images and PDF documents in ASP.NET application. WCF service that allows to annotate an image or PDF document. JavaScript classes and controls for viewing and annotating of images and PDF documents in any HTML (SVG) or HTML5 web browser.,"Vintasoft,Imaging,.net,sdk,library,asp.net,WebForms,application,web,WCF,service,document,image,annotate,view,viewer,HTML,SVG,print,jpeg,pdf,tiff,png,vb.net,c#",2691,False,1.6.2.1
"Bruno Lowagie,Paulo Soares,et al.",2013-09-16T12:27:28.03Z,79,1677,iTextSharp is a port of the iText open source java library for PDF generation written entirely in C# for the .NET platform.,iTextSharp,False,2018-01-31T08:41:08.407+00:00,True,False,iTextSharp is a port of the iText open source java library for PDF generation written entirely in C# for the .NET platform.,"itext,itextsharp,c#,.net,csharp,pdf",3049494,False,5.4.4
Lluis Sanchez,2018-02-16T17:55:10.627Z,2,63,"Xwt is a cross-platform UI toolkit for creating desktop applications with .NET and Mono.

This package contains the GTK toolkit backend for Xwt based applications targeting GTK2 on Mac.

Xwt.Gtk requires gtk-sharp (https://github.com/mono/gtk-sharp/). The Windows installation package can be obtained from http://www.monodevelop.com/download/#win.",Xwt.Gtk.Mac,False,2018-04-18T12:47:22.45+00:00,True,False,Gtk Toolkit for the Xwt UI Framework on Mac,"xwt,cross,platform,gui,ui,toolkit,framework,desktop,gtk,gtk2",7067,False,0.2.74
VintaSoft Ltd.,2017-12-01T09:51:45.49Z,7,140,View and annotate images and PDF documents in ASP.NET application. WCF service that allows to annotate an image or PDF document. JavaScript classes and controls for viewing and annotating of images and PDF documents in any HTML (SVG) or HTML5 web browser.,Vintasoft.Imaging.Annotation.Web.WcfServices,False,2018-04-13T12:00:07.663+00:00,False,False,View and annotate images and PDF documents in ASP.NET application. WCF service that allows to annotate an image or PDF document. JavaScript classes and controls for viewing and annotating of images and PDF documents in any HTML (SVG) or HTML5 web browser.,"Vintasoft,Imaging,.net,sdk,library,asp.net,WebForms,application,web,WCF,service,document,image,annotate,view,viewer,HTML,SVG,print,jpeg,pdf,tiff,png,vb.net,c#",2691,False,1.5.17.1
VintaSoft Ltd.,2017-11-17T12:54:07.843Z,7,154,View and annotate images and PDF documents in ASP.NET application. WCF service that allows to annotate an image or PDF document. JavaScript classes and controls for viewing and annotating of images and PDF documents in any HTML (SVG) or HTML5 web browser.,Vintasoft.Imaging.Annotation.Web.WcfServices,False,2018-04-13T12:00:07.663+00:00,False,False,View and annotate images and PDF documents in ASP.NET application. WCF service that allows to annotate an image or PDF document. JavaScript classes and controls for viewing and annotating of images and PDF documents in any HTML (SVG) or HTML5 web browser.,"Vintasoft,Imaging,.net,sdk,library,asp.net,WebForms,application,web,WCF,service,document,image,annotate,view,viewer,HTML,SVG,print,jpeg,pdf,tiff,png,vb.net,c#",2691,False,1.5.16.1
VintaSoft Ltd.,2017-11-08T14:46:43.603Z,7,163,View and annotate images and PDF documents in ASP.NET application. WCF service that allows to annotate an image or PDF document. JavaScript classes and controls for viewing and annotating of images and PDF documents in any HTML (SVG) or HTML5 web browser.,Vintasoft.Imaging.Annotation.Web.WcfServices,False,2018-04-13T12:00:07.663+00:00,False,False,View and annotate images and PDF documents in ASP.NET application. WCF service that allows to annotate an image or PDF document. JavaScript classes and controls for viewing and annotating of images and PDF documents in any HTML (SVG) or HTML5 web browser.,"Vintasoft,Imaging,.net,sdk,library,asp.net,WebForms,application,web,WCF,service,document,image,annotate,view,viewer,HTML,SVG,print,jpeg,pdf,tiff,png,vb.net,c#",2691,False,1.5.15.1
VintaSoft Ltd.,2017-10-20T12:45:07.313Z,7,182,View and annotate images and PDF documents in ASP.NET application. WCF service that allows to annotate an image or PDF document. JavaScript classes and controls for viewing and annotating of images and PDF documents in any HTML (SVG) or HTML5 web browser.,Vintasoft.Imaging.Annotation.Web.WcfServices,False,2018-04-13T12:00:07.663+00:00,False,False,View and annotate images and PDF documents in ASP.NET application. WCF service that allows to annotate an image or PDF document. JavaScript classes and controls for viewing and annotating of images and PDF documents in any HTML (SVG) or HTML5 web browser.,"Vintasoft,Imaging,.net,sdk,library,asp.net,WebForms,application,web,WCF,service,document,image,annotate,view,viewer,HTML,SVG,print,jpeg,pdf,tiff,png,vb.net,c#",2691,False,1.5.14.1
VintaSoft Ltd.,2017-10-06T13:40:42.67Z,7,196,View and annotate images and PDF documents in ASP.NET application. WCF service that allows to annotate an image or PDF document. JavaScript classes and controls for viewing and annotating of images and PDF documents in any HTML (SVG) or HTML5 web browser.,Vintasoft.Imaging.Annotation.Web.WcfServices,False,2018-04-13T12:00:07.663+00:00,False,False,View and annotate images and PDF documents in ASP.NET application. WCF service that allows to annotate an image or PDF document. JavaScript classes and controls for viewing and annotating of images and PDF documents in any HTML (SVG) or HTML5 web browser.,"Vintasoft,Imaging,.net,sdk,library,asp.net,WebForms,application,web,WCF,service,document,image,annotate,view,viewer,HTML,SVG,print,jpeg,pdf,tiff,png,vb.net,c#",2691,False,1.5.13.1
VintaSoft Ltd.,2017-10-02T12:45:10.247Z,7,200,View and annotate images and PDF documents in ASP.NET application. WCF service that allows to annotate an image or PDF document. JavaScript classes and controls for viewing and annotating of images and PDF documents in any HTML (SVG) or HTML5 web browser.,Vintasoft.Imaging.Annotation.Web.WcfServices,False,2018-04-13T12:00:07.663+00:00,False,False,View and annotate images and PDF documents in ASP.NET application. WCF service that allows to annotate an image or PDF document. JavaScript classes and controls for viewing and annotating of images and PDF documents in any HTML (SVG) or HTML5 web browser.,"Vintasoft,Imaging,.net,sdk,library,asp.net,WebForms,application,web,WCF,service,document,image,annotate,view,viewer,HTML,SVG,print,jpeg,pdf,tiff,png,vb.net,c#",2691,False,1.5.12.1
VintaSoft Ltd.,2017-09-19T13:09:45.867Z,7,213,View and annotate images and PDF documents in ASP.NET application. WCF service that allows to annotate an image or PDF document. JavaScript classes and controls for viewing and annotating of images and PDF documents in any HTML (SVG) or HTML5 web browser.,Vintasoft.Imaging.Annotation.Web.WcfServices,False,2018-04-13T12:00:07.663+00:00,False,False,View and annotate images and PDF documents in ASP.NET application. WCF service that allows to annotate an image or PDF document. JavaScript classes and controls for viewing and annotating of images and PDF documents in any HTML (SVG) or HTML5 web browser.,"Vintasoft,Imaging,.net,sdk,library,asp.net,WebForms,application,web,WCF,service,document,image,annotate,view,viewer,HTML,SVG,print,jpeg,pdf,tiff,png,vb.net,c#",2691,False,1.5.11.1
Neomode.Cloudfy.Jobs,2018-02-16T17:55:56.22Z,63,63,Package Description,Neomode.Cloudfy.Jobs,False,2018-02-16T17:55:56.22+00:00,True,False,,,464,False,1.1.5
Lluis Sanchez,2018-02-16T17:54:57.94Z,2,63,"Xwt is a cross-platform UI toolkit for creating desktop applications with .NET and Mono.

This package contains the GTK toolkit backend for Xwt based applications targeting GTK2.

Xwt.Gtk requires gtk-sharp (https://github.com/mono/gtk-sharp/). The Windows installation package can be obtained from http://www.monodevelop.com/download/#win.",Xwt.Gtk,False,2018-04-18T12:47:10.12+00:00,True,False,Gtk Toolkit for the Xwt UI Framework,"xwt,cross,platform,gui,ui,toolkit,framework,desktop,gtk,gtk2",8563,False,0.2.74
VintaSoft Ltd.,2017-09-08T12:24:53.49Z,7,224,View and annotate images and PDF documents in ASP.NET application. WCF service that allows to annotate an image or PDF document. JavaScript classes and controls for viewing and annotating of images and PDF documents in any HTML (SVG) or HTML5 web browser.,Vintasoft.Imaging.Annotation.Web.WcfServices,False,2018-04-13T12:00:07.663+00:00,False,False,View and annotate images and PDF documents in ASP.NET application. WCF service that allows to annotate an image or PDF document. JavaScript classes and controls for viewing and annotating of images and PDF documents in any HTML (SVG) or HTML5 web browser.,"Vintasoft,Imaging,.net,sdk,library,asp.net,WebForms,application,web,WCF,service,document,image,annotate,view,viewer,HTML,SVG,print,jpeg,pdf,tiff,png,vb.net,c#",2691,False,1.5.10.1
Lluis Sanchez,2018-02-16T17:55:48.847Z,2,63,"Xwt is a cross-platform UI toolkit for creating desktop applications with .NET and Mono.
		
This package contains the WPF toolkit backend for Xwt based applications targeting WPF (Windows Presentation Foundation).",Xwt.WPF,False,2018-04-18T12:47:57.107+00:00,True,False,Wpf Toolkit for the Xwt UI Framework,"xwt,cross,platform,gui,ui,toolkit,framework,desktop,wpf",8276,False,0.2.74
VintaSoft Ltd.,2017-08-16T12:50:32.253Z,7,247,View and annotate images and PDF documents in ASP.NET application. WCF service that allows to annotate an image or PDF document. JavaScript classes and controls for viewing and annotating of images and PDF documents in any HTML (SVG) or HTML5 web browser.,Vintasoft.Imaging.Annotation.Web.WcfServices,False,2018-04-13T12:00:07.663+00:00,False,False,View and annotate images and PDF documents in ASP.NET application. WCF service that allows to annotate an image or PDF document. JavaScript classes and controls for viewing and annotating of images and PDF documents in any HTML (SVG) or HTML5 web browser.,"Vintasoft,Imaging,.net,sdk,library,asp.net,WebForms,application,web,WCF,service,document,image,annotate,view,viewer,HTML,SVG,print,jpeg,pdf,tiff,png,vb.net,c#",2691,False,1.5.8.1
VintaSoft Ltd.,2017-08-03T11:58:53.13Z,7,260,View and annotate images and PDF documents in ASP.NET application. WCF service that allows to annotate an image or PDF document. JavaScript classes and controls for viewing and annotating of images and PDF documents in any HTML (SVG) or HTML5 web browser.,Vintasoft.Imaging.Annotation.Web.WcfServices,False,2018-04-13T12:00:07.663+00:00,False,False,View and annotate images and PDF documents in ASP.NET application. WCF service that allows to annotate an image or PDF document. JavaScript classes and controls for viewing and annotating of images and PDF documents in any HTML (SVG) or HTML5 web browser.,"Vintasoft,Imaging,.net,sdk,library,asp.net,WebForms,application,web,WCF,service,document,image,annotate,view,viewer,HTML,SVG,print,jpeg,pdf,tiff,png,vb.net,c#",2691,False,1.5.7.1
VintaSoft Ltd.,2017-07-20T11:50:15.677Z,7,274,View and annotate images and PDF documents in ASP.NET application. WCF service that allows to annotate an image or PDF document. JavaScript classes and controls for viewing and annotating of images and PDF documents in any HTML (SVG) or HTML5 web browser.,Vintasoft.Imaging.Annotation.Web.WcfServices,False,2018-04-13T12:00:07.663+00:00,False,False,View and annotate images and PDF documents in ASP.NET application. WCF service that allows to annotate an image or PDF document. JavaScript classes and controls for viewing and annotating of images and PDF documents in any HTML (SVG) or HTML5 web browser.,"Vintasoft,Imaging,.net,sdk,library,asp.net,WebForms,application,web,WCF,service,document,image,annotate,view,viewer,HTML,SVG,print,jpeg,pdf,tiff,png,vb.net,c#",2691,False,1.5.6.1
Lluis Sanchez,2018-02-16T17:55:35.987Z,2,63,"Xwt is a cross-platform UI toolkit for creating desktop applications with .NET and Mono.

This package contains the GTK3 toolkit backend for Xwt based applications targeting GTK3.

Xwt.Gtk3 requires gtk-sharp3 (https://github.com/mono/gtk-sharp/). The Windows installation package can be obtained from https://download.gnome.org/binaries/win32/gtk-sharp/.",Xwt.Gtk3,False,2018-04-18T12:47:45.577+00:00,True,False,Gtk3 Toolkit for the Xwt UI Framework,"xwt,cross,platform,gui,ui,toolkit,framework,desktop,gtk,gtk3",7510,False,0.2.74
VintaSoft Ltd.,2017-06-21T13:05:56.727Z,7,303,View and annotate images and PDF documents in ASP.NET application. WCF service that allows to annotate an image or PDF document. JavaScript classes and controls for viewing and annotating of images and PDF documents in any HTML (SVG) or HTML5 web browser.,Vintasoft.Imaging.Annotation.Web.WcfServices,False,2018-04-13T12:00:07.663+00:00,False,False,View and annotate images and PDF documents in ASP.NET application. WCF service that allows to annotate an image or PDF document. JavaScript classes and controls for viewing and annotating of images and PDF documents in any HTML (SVG) or HTML5 web browser.,"Vintasoft,Imaging,.net,sdk,library,asp.net,WebForms,application,web,WCF,service,document,image,annotate,view,viewer,HTML,SVG,print,jpeg,pdf,tiff,png,vb.net,c#",2691,False,1.5.4.1
VintaSoft Ltd.,2017-07-06T18:38:10.127Z,7,288,View and annotate images and PDF documents in ASP.NET application. WCF service that allows to annotate an image or PDF document. JavaScript classes and controls for viewing and annotating of images and PDF documents in any HTML (SVG) or HTML5 web browser.,Vintasoft.Imaging.Annotation.Web.WcfServices,False,2018-04-13T12:00:07.663+00:00,False,False,View and annotate images and PDF documents in ASP.NET application. WCF service that allows to annotate an image or PDF document. JavaScript classes and controls for viewing and annotating of images and PDF documents in any HTML (SVG) or HTML5 web browser.,"Vintasoft,Imaging,.net,sdk,library,asp.net,WebForms,application,web,WCF,service,document,image,annotate,view,viewer,HTML,SVG,print,jpeg,pdf,tiff,png,vb.net,c#",2691,False,1.5.5.1
VintaSoft Ltd.,2017-05-29T08:25:38.973Z,7,326,View and annotate images and PDF documents in ASP.NET application. WCF service that allows to annotate an image or PDF document. JavaScript classes and controls for viewing and annotating of images and PDF documents in any HTML (SVG) or HTML5 web browser.,Vintasoft.Imaging.Annotation.Web.WcfServices,False,2018-04-13T12:00:07.663+00:00,False,False,View and annotate images and PDF documents in ASP.NET application. WCF service that allows to annotate an image or PDF document. JavaScript classes and controls for viewing and annotating of images and PDF documents in any HTML (SVG) or HTML5 web browser.,"Vintasoft,Imaging,.net,sdk,library,asp.net,WebForms,application,web,WCF,service,document,image,annotate,view,viewer,HTML,SVG,print,jpeg,pdf,tiff,png,vb.net,c#",2691,False,1.5.3.2
"Bruno Lowagie,Paulo Soares,et al.",2013-08-01T07:14:07.57Z,79,1723,iTextSharp is a port of the iText open source java library for PDF generation written entirely in C# for the .NET platform.,iTextSharp,False,2018-01-31T08:41:08.407+00:00,True,False,iTextSharp is a port of the iText open source java library for PDF generation written entirely in C# for the .NET platform.,"itext,itextsharp,c#,.net,csharp,pdf",3049494,False,5.4.3
Microsoft,2018-02-16T01:15:58.857Z,1,63,A C++ library for decoding and encoding glTF files.,Microsoft.glTF.macOS.CPP,False,2018-04-19T18:19:52.603+00:00,True,False,,,99,True,1.3.46
Lluis Sanchez,2018-02-16T17:55:23.44Z,2,63,"Xwt is a cross-platform UI toolkit for creating desktop applications with .NET and Mono.

This package contains the GTK toolkit backend for Xwt based applications targeting GTK2 on Windows.

Xwt.Gtk requires gtk-sharp (https://github.com/mono/gtk-sharp/). The Windows installation package can be obtained from http://www.monodevelop.com/download/#win.",Xwt.Gtk.Windows,False,2018-04-18T12:47:34.09+00:00,True,False,Gtk Toolkit for the Xwt UI Framework on Windows,"xwt,cross,platform,gui,ui,toolkit,framework,desktop,gtk,gtk2",7515,False,0.2.74
VintaSoft Ltd.,2017-03-03T08:39:31.017Z,7,413,View and annotate images and PDF documents in ASP.NET application. WCF services that allow to annotate an image or PDF document. JavaScript classes and controls for viewing and annotating of images and PDF documents in any HTML (SVG) web browser.,Vintasoft.Imaging.Annotation.Web.WcfServices,False,2018-04-13T12:00:07.663+00:00,False,False,View and annotate images and PDF documents in ASP.NET application. WCF services that allow to annotate an image or PDF document. JavaScript classes and controls for viewing and annotating of images and PDF documents in any HTML (SVG) web browser.,"Vintasoft,Imaging,.net,sdk,library,asp.net,WebForms,application,web,WCF,service,document,image,annotate,view,viewer,HTML,SVG,print,jpeg,pdf,tiff,png,vb.net,c#",2691,False,1.4.17.1
VintaSoft Ltd.,2017-02-15T12:58:46.603Z,7,429,View and annotate images and PDF documents in ASP.NET application. WCF services that allow to annotate an image or PDF document. JavaScript classes and controls for viewing and annotating of images and PDF documents in any HTML (SVG) web browser.,Vintasoft.Imaging.Annotation.Web.WcfServices,False,2018-04-13T12:00:07.663+00:00,False,False,View and annotate images and PDF documents in ASP.NET application. WCF services that allow to annotate an image or PDF document. JavaScript classes and controls for viewing and annotating of images and PDF documents in any HTML (SVG) web browser.,"Vintasoft,Imaging,.net,sdk,library,asp.net,WebForms,application,web,WCF,service,document,image,annotate,view,viewer,HTML,SVG,print,jpeg,pdf,tiff,png,vb.net,c#",2691,False,1.4.15.1
VintaSoft Ltd.,2017-05-05T12:25:21.87Z,7,350,View and annotate images and PDF documents in ASP.NET application. WCF service that allows to annotate an image or PDF document. JavaScript classes and controls for viewing and annotating of images and PDF documents in any HTML (SVG) or HTML5 web browser.,Vintasoft.Imaging.Annotation.Web.WcfServices,False,2018-04-13T12:00:07.663+00:00,False,False,View and annotate images and PDF documents in ASP.NET application. WCF service that allows to annotate an image or PDF document. JavaScript classes and controls for viewing and annotating of images and PDF documents in any HTML (SVG) or HTML5 web browser.,"Vintasoft,Imaging,.net,sdk,library,asp.net,WebForms,application,web,WCF,service,document,image,annotate,view,viewer,HTML,SVG,print,jpeg,pdf,tiff,png,vb.net,c#",2691,False,1.5.1.1
Neomode.Cloudfy.Integration,2018-02-16T17:55:03.89Z,63,63,Package Description,Neomode.Cloudfy.Integration,False,2018-02-16T17:55:03.89+00:00,True,False,,,585,False,1.1.5
VintaSoft Ltd.,2018-01-25T09:12:53.497Z,7,85,View and annotate images and PDF documents in web application. A platform-independent web service that allows to annotate an image or PDF document. JavaScript classes and controls for viewing and annotating of images and PDF documents in any HTML (SVG) or HTML5 web browser.,Vintasoft.Imaging.Annotation.Web.Services,False,2018-04-13T11:52:47.943+00:00,False,False,View and annotate images and PDF documents in web application. A platform-independent web service that allows to annotate an image or PDF document. JavaScript classes and controls for viewing and annotating of images and PDF documents in any HTML (SVG) or HTML5 web browser.,"Vintasoft,Imaging,.net,sdk,library,ASP.NET,WebForms,MVC,application,Web,API,WCF,HTTP,handler,ServiceStack,web,service,document,image,annotate,view,viewer,HTML,SVG,HTML5,print,jpeg,pdf,tiff,png,vb.net,c#",2354,False,1.6.3.1
VintaSoft Ltd.,2018-01-12T13:36:22.607Z,7,98,View and annotate images and PDF documents in web application. A platform-independent web service that allows to annotate an image or PDF document. JavaScript classes and controls for viewing and annotating of images and PDF documents in any HTML (SVG) or HTML5 web browser.,Vintasoft.Imaging.Annotation.Web.Services,False,2018-04-13T11:52:47.943+00:00,False,False,View and annotate images and PDF documents in web application. A platform-independent web service that allows to annotate an image or PDF document. JavaScript classes and controls for viewing and annotating of images and PDF documents in any HTML (SVG) or HTML5 web browser.,"Vintasoft,Imaging,.net,sdk,library,ASP.NET,WebForms,MVC,application,Web,API,WCF,HTTP,handler,ServiceStack,web,service,document,image,annotate,view,viewer,HTML,SVG,HTML5,print,jpeg,pdf,tiff,png,vb.net,c#",2354,False,1.6.2.1
VintaSoft Ltd.,2017-12-27T12:28:26.583Z,7,114,View and annotate images and PDF documents in web application. A platform-independent web service that allows to annotate an image or PDF document. JavaScript classes and controls for viewing and annotating of images and PDF documents in any HTML (SVG) or HTML5 web browser.,Vintasoft.Imaging.Annotation.Web.Services,False,2018-04-13T11:52:47.943+00:00,False,False,View and annotate images and PDF documents in web application. A platform-independent web service that allows to annotate an image or PDF document. JavaScript classes and controls for viewing and annotating of images and PDF documents in any HTML (SVG) or HTML5 web browser.,"Vintasoft,Imaging,.net,sdk,library,ASP.NET,WebForms,MVC,application,Web,API,WCF,HTTP,handler,ServiceStack,web,service,document,image,annotate,view,viewer,HTML,SVG,HTML5,print,jpeg,pdf,tiff,png,vb.net,c#",2354,False,1.6.1.1
VintaSoft Ltd.,2017-12-15T12:30:56.903Z,7,126,View and annotate images and PDF documents in web application. A platform-independent web service that allows to annotate an image or PDF document. JavaScript classes and controls for viewing and annotating of images and PDF documents in any HTML (SVG) or HTML5 web browser.,Vintasoft.Imaging.Annotation.Web.Services,False,2018-04-13T11:52:47.943+00:00,False,False,View and annotate images and PDF documents in web application. A platform-independent web service that allows to annotate an image or PDF document. JavaScript classes and controls for viewing and annotating of images and PDF documents in any HTML (SVG) or HTML5 web browser.,"Vintasoft,Imaging,.net,sdk,library,ASP.NET,WebForms,MVC,application,Web,API,WCF,HTTP,handler,ServiceStack,web,service,document,image,annotate,view,viewer,HTML,SVG,HTML5,print,jpeg,pdf,tiff,png,vb.net,c#",2354,False,1.6.0.1
VintaSoft Ltd.,2017-12-01T09:46:09.42Z,7,140,View and annotate images and PDF documents in web application. A platform-independent web service that allows to annotate an image or PDF document. JavaScript classes and controls for viewing and annotating of images and PDF documents in any HTML (SVG) or HTML5 web browser.,Vintasoft.Imaging.Annotation.Web.Services,False,2018-04-13T11:52:47.943+00:00,False,False,View and annotate images and PDF documents in web application. A platform-independent web service that allows to annotate an image or PDF document. JavaScript classes and controls for viewing and annotating of images and PDF documents in any HTML (SVG) or HTML5 web browser.,"Vintasoft,Imaging,.net,sdk,library,ASP.NET,WebForms,MVC,application,Web,API,WCF,HTTP,handler,ServiceStack,web,service,document,image,annotate,view,viewer,HTML,SVG,HTML5,print,jpeg,pdf,tiff,png,vb.net,c#",2354,False,1.5.17.1
VintaSoft Ltd.,2017-11-17T12:48:49.81Z,7,154,View and annotate images and PDF documents in web application. A platform-independent web service that allows to annotate an image or PDF document. JavaScript classes and controls for viewing and annotating of images and PDF documents in any HTML (SVG) or HTML5 web browser.,Vintasoft.Imaging.Annotation.Web.Services,False,2018-04-13T11:52:47.943+00:00,False,False,View and annotate images and PDF documents in web application. A platform-independent web service that allows to annotate an image or PDF document. JavaScript classes and controls for viewing and annotating of images and PDF documents in any HTML (SVG) or HTML5 web browser.,"Vintasoft,Imaging,.net,sdk,library,ASP.NET,WebForms,MVC,application,Web,API,WCF,HTTP,handler,ServiceStack,web,service,document,image,annotate,view,viewer,HTML,SVG,HTML5,print,jpeg,pdf,tiff,png,vb.net,c#",2354,False,1.5.16.1
Lluis Sanchez,2018-02-16T17:54:46.61Z,2,63,"Xwt is a cross-platform UI toolkit for creating desktop applications with .NET and Mono that run on multiple platforms from the same codebase.

Xwt works by exposing one unified API across all environments that is mapped to a set of native controls on each platform.

The framework consists of the frontend (Xwt core) and platform specific backends. Additionally to this core Xwt package you need to add an Xwt toolkit package (Xwt.*) for every platform you want your application to target.",Xwt,False,2018-04-18T12:46:55.713+00:00,True,False,Xwt UI Framework,"xwt,cross,platform,gui,ui,toolkit,framework,desktop,wpf,mac,osx,monomac,cocoa,gtk",16442,False,0.2.74
VintaSoft Ltd.,2017-11-08T14:40:23.94Z,7,163,View and annotate images and PDF documents in web application. A platform-independent web service that allows to annotate an image or PDF document. JavaScript classes and controls for viewing and annotating of images and PDF documents in any HTML (SVG) or HTML5 web browser.,Vintasoft.Imaging.Annotation.Web.Services,False,2018-04-13T11:52:47.943+00:00,False,False,View and annotate images and PDF documents in web application. A platform-independent web service that allows to annotate an image or PDF document. JavaScript classes and controls for viewing and annotating of images and PDF documents in any HTML (SVG) or HTML5 web browser.,"Vintasoft,Imaging,.net,sdk,library,ASP.NET,WebForms,MVC,application,Web,API,WCF,HTTP,handler,ServiceStack,web,service,document,image,annotate,view,viewer,HTML,SVG,HTML5,print,jpeg,pdf,tiff,png,vb.net,c#",2354,False,1.5.15.1
VintaSoft Ltd.,2017-10-20T12:38:13.563Z,7,182,View and annotate images and PDF documents in web application. A platform-independent web service that allows to annotate an image or PDF document. JavaScript classes and controls for viewing and annotating of images and PDF documents in any HTML (SVG) or HTML5 web browser.,Vintasoft.Imaging.Annotation.Web.Services,False,2018-04-13T11:52:47.943+00:00,False,False,View and annotate images and PDF documents in web application. A platform-independent web service that allows to annotate an image or PDF document. JavaScript classes and controls for viewing and annotating of images and PDF documents in any HTML (SVG) or HTML5 web browser.,"Vintasoft,Imaging,.net,sdk,library,ASP.NET,WebForms,MVC,application,Web,API,WCF,HTTP,handler,ServiceStack,web,service,document,image,annotate,view,viewer,HTML,SVG,HTML5,print,jpeg,pdf,tiff,png,vb.net,c#",2354,False,1.5.14.1
VintaSoft Ltd.,2017-10-06T13:35:25.51Z,7,196,View and annotate images and PDF documents in web application. A platform-independent web service that allows to annotate an image or PDF document. JavaScript classes and controls for viewing and annotating of images and PDF documents in any HTML (SVG) or HTML5 web browser.,Vintasoft.Imaging.Annotation.Web.Services,False,2018-04-13T11:52:47.943+00:00,False,False,View and annotate images and PDF documents in web application. A platform-independent web service that allows to annotate an image or PDF document. JavaScript classes and controls for viewing and annotating of images and PDF documents in any HTML (SVG) or HTML5 web browser.,"Vintasoft,Imaging,.net,sdk,library,ASP.NET,WebForms,MVC,application,Web,API,WCF,HTTP,handler,ServiceStack,web,service,document,image,annotate,view,viewer,HTML,SVG,HTML5,print,jpeg,pdf,tiff,png,vb.net,c#",2354,False,1.5.13.1
VintaSoft Ltd.,2017-09-19T13:04:50.95Z,7,213,View and annotate images and PDF documents in web application. A platform-independent web service that allows to annotate an image or PDF document. JavaScript classes and controls for viewing and annotating of images and PDF documents in any HTML (SVG) or HTML5 web browser.,Vintasoft.Imaging.Annotation.Web.Services,False,2018-04-13T11:52:47.943+00:00,False,False,View and annotate images and PDF documents in web application. A platform-independent web service that allows to annotate an image or PDF document. JavaScript classes and controls for viewing and annotating of images and PDF documents in any HTML (SVG) or HTML5 web browser.,"Vintasoft,Imaging,.net,sdk,library,ASP.NET,WebForms,MVC,application,Web,API,WCF,HTTP,handler,ServiceStack,web,service,document,image,annotate,view,viewer,HTML,SVG,HTML5,print,jpeg,pdf,tiff,png,vb.net,c#",2354,False,1.5.11.1
"Bruno Lowagie,Paulo Soares,et al.",2012-10-08T08:40:32.2Z,79,2020,iText# (iTextSharp) is a port of the iText open source java library for PDF generation written entirely in C# for the .NET platform.,iTextSharp,False,2018-01-31T08:41:08.407+00:00,True,False,iText# (iTextSharp) is a port of the iText open source java library for PDF generation written entirely in C# for the .NET platform.,"itext,itextsharp,c#,.net,csharp,pdf",3049494,False,5.3.3
VintaSoft Ltd.,2017-10-02T12:38:48.97Z,7,200,View and annotate images and PDF documents in web application. A platform-independent web service that allows to annotate an image or PDF document. JavaScript classes and controls for viewing and annotating of images and PDF documents in any HTML (SVG) or HTML5 web browser.,Vintasoft.Imaging.Annotation.Web.Services,False,2018-04-13T11:52:47.943+00:00,False,False,View and annotate images and PDF documents in web application. A platform-independent web service that allows to annotate an image or PDF document. JavaScript classes and controls for viewing and annotating of images and PDF documents in any HTML (SVG) or HTML5 web browser.,"Vintasoft,Imaging,.net,sdk,library,ASP.NET,WebForms,MVC,application,Web,API,WCF,HTTP,handler,ServiceStack,web,service,document,image,annotate,view,viewer,HTML,SVG,HTML5,print,jpeg,pdf,tiff,png,vb.net,c#",2354,False,1.5.12.1
VintaSoft Ltd.,2017-09-08T12:19:52.37Z,7,224,View and annotate images and PDF documents in web application. A platform-independent web service that allows to annotate an image or PDF document. JavaScript classes and controls for viewing and annotating of images and PDF documents in any HTML (SVG) or HTML5 web browser.,Vintasoft.Imaging.Annotation.Web.Services,False,2018-04-13T11:52:47.943+00:00,False,False,View and annotate images and PDF documents in web application. A platform-independent web service that allows to annotate an image or PDF document. JavaScript classes and controls for viewing and annotating of images and PDF documents in any HTML (SVG) or HTML5 web browser.,"Vintasoft,Imaging,.net,sdk,library,ASP.NET,WebForms,MVC,application,Web,API,WCF,HTTP,handler,ServiceStack,web,service,document,image,annotate,view,viewer,HTML,SVG,HTML5,print,jpeg,pdf,tiff,png,vb.net,c#",2354,False,1.5.10.1
VintaSoft Ltd.,2017-08-16T12:45:45.923Z,7,247,View and annotate images and PDF documents in web application. A platform-independent web service that allows to annotate an image or PDF document. JavaScript classes and controls for viewing and annotating of images and PDF documents in any HTML (SVG) or HTML5 web browser.,Vintasoft.Imaging.Annotation.Web.Services,False,2018-04-13T11:52:47.943+00:00,False,False,View and annotate images and PDF documents in web application. A platform-independent web service that allows to annotate an image or PDF document. JavaScript classes and controls for viewing and annotating of images and PDF documents in any HTML (SVG) or HTML5 web browser.,"Vintasoft,Imaging,.net,sdk,library,ASP.NET,WebForms,MVC,application,Web,API,WCF,HTTP,handler,ServiceStack,web,service,document,image,annotate,view,viewer,HTML,SVG,HTML5,print,jpeg,pdf,tiff,png,vb.net,c#",2354,False,1.5.8.1
VintaSoft Ltd.,2017-08-03T11:53:25.777Z,7,260,View and annotate images and PDF documents in web application. A platform-independent web service that allows to annotate an image or PDF document. JavaScript classes and controls for viewing and annotating of images and PDF documents in any HTML (SVG) or HTML5 web browser.,Vintasoft.Imaging.Annotation.Web.Services,False,2018-04-13T11:52:47.943+00:00,False,False,View and annotate images and PDF documents in web application. A platform-independent web service that allows to annotate an image or PDF document. JavaScript classes and controls for viewing and annotating of images and PDF documents in any HTML (SVG) or HTML5 web browser.,"Vintasoft,Imaging,.net,sdk,library,ASP.NET,WebForms,MVC,application,Web,API,WCF,HTTP,handler,ServiceStack,web,service,document,image,annotate,view,viewer,HTML,SVG,HTML5,print,jpeg,pdf,tiff,png,vb.net,c#",2354,False,1.5.7.1
VintaSoft Ltd.,2017-07-20T11:45:18.4Z,7,274,View and annotate images and PDF documents in web application. A platform-independent web service that allows to annotate an image or PDF document. JavaScript classes and controls for viewing and annotating of images and PDF documents in any HTML (SVG) or HTML5 web browser.,Vintasoft.Imaging.Annotation.Web.Services,False,2018-04-13T11:52:47.943+00:00,False,False,View and annotate images and PDF documents in web application. A platform-independent web service that allows to annotate an image or PDF document. JavaScript classes and controls for viewing and annotating of images and PDF documents in any HTML (SVG) or HTML5 web browser.,"Vintasoft,Imaging,.net,sdk,library,ASP.NET,WebForms,MVC,application,Web,API,WCF,HTTP,handler,ServiceStack,web,service,document,image,annotate,view,viewer,HTML,SVG,HTML5,print,jpeg,pdf,tiff,png,vb.net,c#",2354,False,1.5.6.1
VintaSoft Ltd.,2017-07-06T18:33:36.18Z,7,288,View and annotate images and PDF documents in web application. A platform-independent web service that allows to annotate an image or PDF document. JavaScript classes and controls for viewing and annotating of images and PDF documents in any HTML (SVG) or HTML5 web browser.,Vintasoft.Imaging.Annotation.Web.Services,False,2018-04-13T11:52:47.943+00:00,False,False,View and annotate images and PDF documents in web application. A platform-independent web service that allows to annotate an image or PDF document. JavaScript classes and controls for viewing and annotating of images and PDF documents in any HTML (SVG) or HTML5 web browser.,"Vintasoft,Imaging,.net,sdk,library,ASP.NET,WebForms,MVC,application,Web,API,WCF,HTTP,handler,ServiceStack,web,service,document,image,annotate,view,viewer,HTML,SVG,HTML5,print,jpeg,pdf,tiff,png,vb.net,c#",2354,False,1.5.5.1
VintaSoft Ltd.,2017-06-21T13:01:01.56Z,7,303,View and annotate images and PDF documents in web application. A platform-independent web service that allows to annotate an image or PDF document. JavaScript classes and controls for viewing and annotating of images and PDF documents in any HTML (SVG) or HTML5 web browser.,Vintasoft.Imaging.Annotation.Web.Services,False,2018-04-13T11:52:47.943+00:00,False,False,View and annotate images and PDF documents in web application. A platform-independent web service that allows to annotate an image or PDF document. JavaScript classes and controls for viewing and annotating of images and PDF documents in any HTML (SVG) or HTML5 web browser.,"Vintasoft,Imaging,.net,sdk,library,ASP.NET,WebForms,MVC,application,Web,API,WCF,HTTP,handler,ServiceStack,web,service,document,image,annotate,view,viewer,HTML,SVG,HTML5,print,jpeg,pdf,tiff,png,vb.net,c#",2354,False,1.5.4.1
VintaSoft Ltd.,2017-05-29T08:18:33.797Z,7,326,View and annotate images and PDF documents in web application. A platform-independent web service that allows to annotate an image or PDF document. JavaScript classes and controls for viewing and annotating of images and PDF documents in any HTML (SVG) or HTML5 web browser.,Vintasoft.Imaging.Annotation.Web.Services,False,2018-04-13T11:52:47.943+00:00,False,False,View and annotate images and PDF documents in web application. A platform-independent web service that allows to annotate an image or PDF document. JavaScript classes and controls for viewing and annotating of images and PDF documents in any HTML (SVG) or HTML5 web browser.,"Vintasoft,Imaging,.net,sdk,library,ASP.NET,WebForms,MVC,application,Web,API,WCF,HTTP,handler,ServiceStack,web,service,document,image,annotate,view,viewer,HTML,SVG,HTML5,print,jpeg,pdf,tiff,png,vb.net,c#",2354,False,1.5.3.2
VintaSoft Ltd.,2017-05-05T11:59:37.09Z,7,350,View and annotate images and PDF documents in web application. A platform-independent web service that allows to annotate an image or PDF document. JavaScript classes and controls for viewing and annotating of images and PDF documents in any HTML (SVG) or HTML5 web browser.,Vintasoft.Imaging.Annotation.Web.Services,False,2018-04-13T11:52:47.943+00:00,False,False,View and annotate images and PDF documents in web application. A platform-independent web service that allows to annotate an image or PDF document. JavaScript classes and controls for viewing and annotating of images and PDF documents in any HTML (SVG) or HTML5 web browser.,"Vintasoft,Imaging,.net,sdk,library,ASP.NET,WebForms,MVC,application,Web,API,WCF,HTTP,handler,ServiceStack,web,service,document,image,annotate,view,viewer,HTML,SVG,HTML5,print,jpeg,pdf,tiff,png,vb.net,c#",2354,False,1.5.1.1
VintaSoft Ltd.,2018-01-25T09:19:12.663Z,7,85,View and annotate images and PDF documents in ASP.NET application. HTTP handler that allows to annotate an image or PDF document. JavaScript classes and controls for viewing and annotating of images and PDF documents in any HTML (SVG) web browser.,Vintasoft.Imaging.Annotation.Web.HttpHandlers,False,2018-04-13T11:59:52.07+00:00,False,False,View and annotate images and PDF documents in ASP.NET application. HTTP handler that allows to annotate an image or PDF document. JavaScript classes and controls for viewing and annotating of images and PDF documents in any HTML (SVG) web browser.,"Vintasoft,Imaging,.net,sdk,library,asp.net,WebForms,application,web,HTTP,handler,document,image,annotate,view,viewer,HTML,SVG,print,jpeg,pdf,tiff,png,vb.net,c#",2672,False,1.6.3.1
VintaSoft Ltd.,2017-12-01T09:51:32.487Z,7,140,View and annotate images and PDF documents in ASP.NET application. HTTP handler that allows to annotate an image or PDF document. JavaScript classes and controls for viewing and annotating of images and PDF documents in any HTML (SVG) web browser.,Vintasoft.Imaging.Annotation.Web.HttpHandlers,False,2018-04-13T11:59:52.07+00:00,False,False,View and annotate images and PDF documents in ASP.NET application. HTTP handler that allows to annotate an image or PDF document. JavaScript classes and controls for viewing and annotating of images and PDF documents in any HTML (SVG) web browser.,"Vintasoft,Imaging,.net,sdk,library,asp.net,WebForms,application,web,HTTP,handler,document,image,annotate,view,viewer,HTML,SVG,print,jpeg,pdf,tiff,png,vb.net,c#",2672,False,1.5.17.1
VintaSoft Ltd.,2018-01-12T13:42:16.087Z,7,98,View and annotate images and PDF documents in ASP.NET application. HTTP handler that allows to annotate an image or PDF document. JavaScript classes and controls for viewing and annotating of images and PDF documents in any HTML (SVG) web browser.,Vintasoft.Imaging.Annotation.Web.HttpHandlers,False,2018-04-13T11:59:52.07+00:00,False,False,View and annotate images and PDF documents in ASP.NET application. HTTP handler that allows to annotate an image or PDF document. JavaScript classes and controls for viewing and annotating of images and PDF documents in any HTML (SVG) web browser.,"Vintasoft,Imaging,.net,sdk,library,asp.net,WebForms,application,web,HTTP,handler,document,image,annotate,view,viewer,HTML,SVG,print,jpeg,pdf,tiff,png,vb.net,c#",2672,False,1.6.2.1
VintaSoft Ltd.,2017-12-27T12:33:53.053Z,7,114,View and annotate images and PDF documents in ASP.NET application. HTTP handler that allows to annotate an image or PDF document. JavaScript classes and controls for viewing and annotating of images and PDF documents in any HTML (SVG) web browser.,Vintasoft.Imaging.Annotation.Web.HttpHandlers,False,2018-04-13T11:59:52.07+00:00,False,False,View and annotate images and PDF documents in ASP.NET application. HTTP handler that allows to annotate an image or PDF document. JavaScript classes and controls for viewing and annotating of images and PDF documents in any HTML (SVG) web browser.,"Vintasoft,Imaging,.net,sdk,library,asp.net,WebForms,application,web,HTTP,handler,document,image,annotate,view,viewer,HTML,SVG,print,jpeg,pdf,tiff,png,vb.net,c#",2672,False,1.6.1.1
VintaSoft Ltd.,2017-12-15T12:36:41.08Z,7,126,View and annotate images and PDF documents in ASP.NET application. HTTP handler that allows to annotate an image or PDF document. JavaScript classes and controls for viewing and annotating of images and PDF documents in any HTML (SVG) web browser.,Vintasoft.Imaging.Annotation.Web.HttpHandlers,False,2018-04-13T11:59:52.07+00:00,False,False,View and annotate images and PDF documents in ASP.NET application. HTTP handler that allows to annotate an image or PDF document. JavaScript classes and controls for viewing and annotating of images and PDF documents in any HTML (SVG) web browser.,"Vintasoft,Imaging,.net,sdk,library,asp.net,WebForms,application,web,HTTP,handler,document,image,annotate,view,viewer,HTML,SVG,print,jpeg,pdf,tiff,png,vb.net,c#",2672,False,1.6.0.1
"Bruno Lowagie,Paulo Soares,et al.",2012-09-15T19:01:17.393Z,79,2043,iText# (iTextSharp) is a port of the iText open source java library for PDF generation written entirely in C# for the .NET platform.,itextsharp,False,2018-01-31T08:41:08.407+00:00,True,False,iText# (iTextSharp) is a port of the iText open source java library for PDF generation written entirely in C# for the .NET platform.,"itext,itextsharp,c#,.net,csharp,pdf",3049494,False,5.3.2
VintaSoft Ltd.,2017-11-08T14:46:29.573Z,7,163,View and annotate images and PDF documents in ASP.NET application. HTTP handler that allows to annotate an image or PDF document. JavaScript classes and controls for viewing and annotating of images and PDF documents in any HTML (SVG) web browser.,Vintasoft.Imaging.Annotation.Web.HttpHandlers,False,2018-04-13T11:59:52.07+00:00,False,False,View and annotate images and PDF documents in ASP.NET application. HTTP handler that allows to annotate an image or PDF document. JavaScript classes and controls for viewing and annotating of images and PDF documents in any HTML (SVG) web browser.,"Vintasoft,Imaging,.net,sdk,library,asp.net,WebForms,application,web,HTTP,handler,document,image,annotate,view,viewer,HTML,SVG,print,jpeg,pdf,tiff,png,vb.net,c#",2672,False,1.5.15.1
VintaSoft Ltd.,2017-11-17T12:53:55.19Z,7,154,View and annotate images and PDF documents in ASP.NET application. HTTP handler that allows to annotate an image or PDF document. JavaScript classes and controls for viewing and annotating of images and PDF documents in any HTML (SVG) web browser.,Vintasoft.Imaging.Annotation.Web.HttpHandlers,False,2018-04-13T11:59:52.07+00:00,False,False,View and annotate images and PDF documents in ASP.NET application. HTTP handler that allows to annotate an image or PDF document. JavaScript classes and controls for viewing and annotating of images and PDF documents in any HTML (SVG) web browser.,"Vintasoft,Imaging,.net,sdk,library,asp.net,WebForms,application,web,HTTP,handler,document,image,annotate,view,viewer,HTML,SVG,print,jpeg,pdf,tiff,png,vb.net,c#",2672,False,1.5.16.1
Microsoft,2018-02-16T01:14:33.65Z,1,63,A C++ library for decoding and encoding glTF files.,Microsoft.glTF.CPP,False,2018-04-19T18:18:35.867+00:00,True,False,A C++ library for decoding and encoding glTF files.,nativepackage,2453,True,1.3.46
VintaSoft Ltd.,2017-10-20T12:44:49.41Z,7,182,View and annotate images and PDF documents in ASP.NET application. HTTP handler that allows to annotate an image or PDF document. JavaScript classes and controls for viewing and annotating of images and PDF documents in any HTML (SVG) web browser.,Vintasoft.Imaging.Annotation.Web.HttpHandlers,False,2018-04-13T11:59:52.07+00:00,False,False,View and annotate images and PDF documents in ASP.NET application. HTTP handler that allows to annotate an image or PDF document. JavaScript classes and controls for viewing and annotating of images and PDF documents in any HTML (SVG) web browser.,"Vintasoft,Imaging,.net,sdk,library,asp.net,WebForms,application,web,HTTP,handler,document,image,annotate,view,viewer,HTML,SVG,print,jpeg,pdf,tiff,png,vb.net,c#",2672,False,1.5.14.1
