authors,created,days_abandoned,days_alive,description,id,is_prerelease,last_updated,listed,missing_info,summary,tags,total_downloads,verified,version
Victor Chacin,2017-10-20T21:36:59.52Z,30,182,Manager of Purchase Order,construsoft.IntegrationPlatform.StrumisPurchaseOrder_CS,False,2018-03-21T12:47:35.137+00:00,True,False,,"construsoft,integrationplatform",1677,False,1.22.0
Microsoft Corp,2017-10-20T21:37:01.69Z,4,182,Microsoft Azure uMQTT library,Microsoft.Azure.umqtt,False,2018-04-16T21:21:56.657+00:00,True,False,This nuget package can be used for developing mqtt applications and libraries,"Microsoft,Azure,C,Native,x86,x64,native,umqtt,package",9755,True,1.0.46
Microsoft Corp,2017-10-20T21:36:49.943Z,4,182,Microsoft Azure uAMQP library,Microsoft.Azure.uamqp,False,2018-04-16T21:21:44.877+00:00,True,False,This nuget package can be used for developing amqp applications and libraries,"Microsoft,Azure,C,Native,x86,x64,arm,native,uamqp,package",9056,True,1.0.46
Microsoft,2017-10-20T21:36:38.99Z,4,182,Microsoft Azure IoTHub Serializer,Microsoft.Azure.IoTHub.Serializer,False,2018-04-16T21:21:32.157+00:00,True,False,This nuget package contains a serializer library for IoTHub,"Microsoft,Azure,IoT,Native,x86,x64,arm,native,package",10502,True,1.1.27
Microsoft,2017-10-20T21:36:28.523Z,4,182,Microsoft Azure IoTHub MQTT transport,Microsoft.Azure.IoTHub.MqttTransport,False,2018-04-16T21:21:15.513+00:00,True,False,This nuget package can be used to connect to IoTHub over MQTT.,"MQTT,Microsoft,Azure,IoT,Native,x86,x64,arm,native,package",11342,True,1.1.27
Microsoft,2017-10-20T21:36:16.743Z,4,182,Microsoft Azure IoTHub Client,Microsoft.Azure.IoTHub.IoTHubClient,False,2018-04-16T21:21:03.373+00:00,True,False,"This nuget package contains common interface shared between AMQP, MQTT and HTTP transports to IoTHub","Microsoft,Azure,IoT,Native,x86,x64,arm,native,package,IoTHubClient",14482,True,1.1.27
Charles Solar,2017-10-20T21:34:43.977Z,8,182,A framework to help developers integrate the excelent NServicebus and GetEventStore libraries together and provide basic DDD classes.,Aggregates.NET.NewtonsoftJson,False,2018-04-12T23:32:10.727+00:00,True,False,,"CQRS,NServiceBus,GetEventStore,eventstore,event-store,aggregate,ddd,repository,unit-of-work,uow",4999,False,0.11.69.46
Microsoft,2017-10-20T21:35:57.17Z,4,182,Microsoft Azure IoTHub AMQP transport,Microsoft.Azure.IoTHub.AmqpTransport,False,2018-04-16T21:20:39.95+00:00,True,False,This nuget package can be used to connect to IoTHub over AMQP.,"AMQP,Microsoft,Azure,IoT,Native,x86,x64,arm,native,package",11305,True,1.1.27
Charles Solar,2017-10-20T21:35:08.303Z,8,182,A framework to help developers integrate the excelent NServicebus and GetEventStore libraries together and provide basic DDD classes.,Aggregates.NET.StructureMap,False,2018-04-12T23:32:43.87+00:00,True,False,,"CQRS,NServiceBus,GetEventStore,eventstore,event-store,aggregate,ddd,repository,unit-of-work,uow",4929,False,0.11.69.46
Lukiya,2017-10-20T21:35:14.24Z,1,182,An app framework for SyncSoft.,SyncSoft.App,True,2018-04-19T22:41:48.51+00:00,True,False,,,17559,False,2.0.0-beta21
Charles Solar,2017-10-20T21:34:55.15Z,8,182,A framework to help developers integrate the excelent NServicebus and GetEventStore libraries together and provide basic DDD classes.,Aggregates.NET.NServiceBus,False,2018-04-12T23:32:20.663+00:00,True,False,,"CQRS,NServiceBus,GetEventStore,eventstore,event-store,aggregate,ddd,repository,unit-of-work,uow",5036,False,0.11.69.46
Microsoft Corp,2017-10-20T21:35:45.797Z,4,182,Microsoft Azure C Shared Utility,Microsoft.Azure.C.SharedUtility,False,2018-04-16T21:20:28.527+00:00,True,False,This nuget package can be used to develop applications and libraries,"Microsoft,Azure,C,Native,x86,ARM,x64,native,package",14093,True,1.0.46
Charles Solar,2017-10-20T21:35:20.033Z,8,182,A framework to help developers integrate the excelent NServicebus and GetEventStore libraries together and provide basic DDD classes.,Aggregates.NET.SimpleInjector,False,2018-04-12T23:32:33.633+00:00,True,False,,"CQRS,NServiceBus,GetEventStore,eventstore,event-store,aggregate,ddd,repository,unit-of-work,uow",4300,False,0.11.69.46
Microsoft,2017-10-20T21:36:06.747Z,4,182,Microsoft Azure IoTHub HTTP transport,Microsoft.Azure.IoTHub.HttpTransport,False,2018-04-16T21:20:52.293+00:00,True,False,This nuget package can be used to connect to IoTHub over HTTP.,"HTTP,Microsoft,Azure,IoT,Native,x86,x64,arm,native,package",10665,True,1.1.27
Charles Solar,2017-10-20T21:31:19.713Z,8,182,A framework to help developers integrate the excelent NServicebus and GetEventStore libraries together and provide basic DDD classes.,Aggregates.NET.EventStore,False,2018-04-12T23:31:58.29+00:00,True,False,,"CQRS,NServiceBus,GetEventStore,eventstore,event-store,aggregate,ddd,repository,unit-of-work,uow",4990,False,0.11.69.46
Victor Chacin,2017-10-20T21:30:22.113Z,30,182,Contains all the classes to generate XML Files,construsoft.IntegrationPlatform.XMLClases_CS,False,2018-03-21T12:17:35.877+00:00,True,False,,"construsoft,integrationplatform",1222,False,1.10.0
Charles Solar,2017-10-20T21:31:08.34Z,8,182,A framework to help developers integrate the excelent NServicebus and GetEventStore libraries together and provide basic DDD classes.,Aggregates.NET,False,2018-04-12T23:31:46.977+00:00,True,False,,"CQRS,NServiceBus,GetEventStore,eventstore,event-store,aggregate,ddd,repository,unit-of-work,uow",111255,False,0.11.69.46
Gleidson Rodrigues Nunes,2017-10-20T21:19:12.78Z,169,182,Decrypts and converts Crunchyroll subtitles to SubStation Alpha subtitle format.,SubtitleCrunchyroll,False,2017-11-02T21:19:22.44+00:00,True,False,,"Subtitle,Legendas,Crunchyroll",221,False,1.0.0
Ericmas001,2017-10-20T21:21:57.03Z,93,182,Com.Ericmas001.LoggingDb,Com.Ericmas001.LoggingDb,False,2018-01-17T13:39:04.527+00:00,True,False,Com.Ericmas001.LoggingDb,,986,False,0.4.0
"Agilix Labs,Inc.",2017-10-20T21:21:07.43Z,50,182,Agilix Shared Code,Agilix.Shared,False,2018-03-01T20:23:22.327+00:00,True,False,,,55709,False,2017.10.20.411
Gleidson Rodrigues Nunes,2017-10-20T21:19:12.78Z,169,182,Decrypts and converts Crunchyroll subtitles to SubStation Alpha subtitle format.,SubtitleCrunchyroll,False,2017-11-02T21:19:22.44+00:00,True,False,,"Subtitle,Legendas,Crunchyroll",221,False,1.0.0
"buckstephenh,addyournugetorgprofilenamehere",2017-10-20T21:16:13.753Z,43209,182,"Welcome to lifeIMAGE Agent!  This utility connects your enterprise data sources with lifeIMAGE 
to create powerful workflows using an extensible connection framework.  Built-in bi-directional
connectors include PACS, HL7, lifeIMAGE, and file.  Build your own additional connectors or
contact lifeIMAGE for support.

Supported Platforms: Linux, Mac, Windows",lifeimage-agent,False,1900-01-01T00:00:00+00:00,False,False,,"lifeIMAGE,life,image,DICOM,PACS,HL7,IHE",-1,False,1.0.8
BDO Canada IT Solutions,2017-10-20T21:11:12.253Z,179,182,Advance Framework Practice by BDO Canada LLP IT Solution practice,AdvanceFramework1,False,2017-10-23T19:02:16.693+00:00,True,False,,".NET,Business,Application,Development",1478,False,20171020.3.0
BLTools.SQL.dns.20,2017-10-20T21:11:38.013Z,147,182,Package Description,BLTools.SQL.dns.20,True,2017-11-24T20:18:43.017+00:00,True,False,,,540,False,4.0.0-CI-20171020-211046
BLTools.Data.dns.20,2017-10-20T21:11:16.517Z,43209,182,Package Description,BLTools.Data.dns.20,True,1900-01-01T00:00:00+00:00,False,False,,,840,False,4.0.0-CI-20171020-211035
BDO Canada IT Solutions,2017-10-20T21:11:12.253Z,179,182,Advance Framework Practice by BDO Canada LLP IT Solution practice,AdvanceFramework1,False,2017-10-23T19:02:16.693+00:00,True,False,,".NET,Business,Application,Development",1478,False,20171020.3.0
Amazon Web Services,2017-10-20T21:12:07.727Z,1,182,Amazon Elastic Compute Cloud (Amazon EC2) is a web service that provides resizable compute capacity in the cloud. It is designed to make web-scale cloud computing easier for developers.,AWSSDK.EC2,False,2018-04-20T05:27:19.233+00:00,True,False,,"AWS,Amazon,cloud,EC2,aws-sdk-v3",295290,False,3.3.32
Luc Bolly,2017-10-20T21:11:05.847Z,43209,182,Package Description,BLTools,True,1900-01-01T00:00:00+00:00,False,False,,,3221,False,4.0.0-CI-20171020-211029
BLTools.DataModels.dns.20,2017-10-20T21:11:27.733Z,43209,182,Package Description,BLTools.DataModels.dns.20,True,1900-01-01T00:00:00+00:00,False,False,,,760,False,4.0.0-CI-20171020-211041
"Gerald Versluis,rafaelrmou",2017-10-20T21:08:15.743Z,182,182,Simple cross-platform plug-in that allows you to pick files from the filesystem (iCloud drive in case of iOS) and work with them.,Birdie.Xamarin.Plugin.FilePicker,True,2017-10-20T21:08:15.743+00:00,True,False,Simple cross-platform plug-in that allows you to pick files from the filesystem (iCloud drive in case of iOS) and work with them. View full project page for README,"xamarin,file,picker,filepicker,filebrowser,pcl,xam.pcl,plugin,for,windows,phone,winphone,wp8,winrt,android,xamarin.forms,ios",83,False,1.4.0-beta
"jonsequitur,phillippruett,cynicaloptimist,ckurt",2017-10-20T21:09:47.49Z,1,182,"Expose tests and sensors via HTTP for health monitoring, testing in production, integration testing, functionality testing, and smoke testing. Stand up a service to host a suite of tests-as-a-service for multiple applications or environments, or use Peaky in your own service to expose self-tests and health checks.",Peaky,True,2018-04-20T00:32:40.377+00:00,True,False,,"tests-as-a-service,monitoring,TiP",2092,False,3.0.116-beta
ByteTerrace,2017-10-20T19:53:00.43Z,43209,182,A library that implements Microsoft SQL Server functionality used in ByteTerrace projects.,ByteTerrace.CSharp.MsSql,False,1900-01-01T00:00:00+00:00,False,False,,,-1,False,0.0.46
ByteTerrace,2017-10-20T21:03:37.993Z,43209,182,A library that implements Microsoft SQL Server functionality used in ByteTerrace projects.,ByteTerrace.CSharp.MsSql,False,1900-01-01T00:00:00+00:00,False,False,,,-1,False,0.0.47
Naeem Afzal,2017-10-20T20:35:59.48Z,53,182,A Handy package for creating operation responses in a smart way.,Responsible.Core,False,2018-02-26T17:44:43.25+00:00,False,False,A Handy package for creating operation responses in a smart way.,"Responsible,Response,Responses,Handle",895,False,3.0.0
Milkyway.Contracts,2017-10-20T20:59:45.8Z,43209,182,Package Description,Milkyway.Contracts,False,1900-01-01T00:00:00+00:00,False,False,,,-1,False,1.0.10
chrisdrobison,2017-10-20T20:59:15.977Z,129,182,MongoDB storage support as key store.,AspNetCore.DataProtection.MongoDb,False,2017-12-12T23:14:02.543+00:00,True,False,,,517,False,2.0.0
Milkyway.Contracts,2017-10-20T20:59:45.8Z,43209,182,Package Description,Milkyway.Contracts,False,1900-01-01T00:00:00+00:00,False,False,,,-1,False,1.0.10
Muatassim Aziz,2017-10-20T20:54:08.82Z,180,182,Job Schedule is a library similar to Windows Schduling library but it is entirely written using c# and no com dependency.,DevelopmentHelpers.Scheduler,False,2017-10-22T21:06:42.263+00:00,True,False,"This library allows is a Scheduling library which can be utilize in .net project (windows Service) to run schedule jobs. 
Just implment a IJob interface and JobSchedule will execute from your library","c#,.NET,Job,Scheduler",665,False,1.0.3
Kévin Chalet,2017-10-20T20:57:51.153Z,60,182,OpenIddict binders for ASP.NET Core MVC.,OpenIddict.Mvc,True,2018-02-19T18:16:21.98+00:00,True,False,,"aspnetcore,authentication,jwt,openidconnect,openiddict,security",30225,False,2.0.0-rc1-final
Kévin Chalet,2017-10-20T20:57:13.32Z,60,182,Entity Framework 6.x stores for OpenIddict.,OpenIddict.EntityFramework,True,2018-02-19T18:15:40.417+00:00,True,False,,"aspnetcore,authentication,jwt,openidconnect,openiddict,security",355,False,2.0.0-rc1-final
Kévin Chalet,2017-10-20T20:56:45.61Z,60,182,Easy-to-use OpenID Connect server for ASP.NET Core.,OpenIddict,True,2018-02-19T18:15:09.04+00:00,True,False,,"aspnetcore,authentication,jwt,openidconnect,openiddict,security",35103,False,2.0.0-rc1-final
Kévin Chalet,2017-10-20T20:56:59.73Z,60,182,"OpenIddict's core components, used to manage the applications, authorizations, scopes and tokens stored in the database.",OpenIddict.Core,True,2018-02-19T18:15:25.9+00:00,True,False,,"aspnetcore,authentication,jwt,openidconnect,openiddict,security",32206,False,2.0.0-rc1-final
Kévin Chalet,2017-10-20T20:57:38.203Z,60,182,"OpenIddict's default entities, used by the Entity Framework 6.x and Entity Framework Core stores.",OpenIddict.Models,True,2018-02-19T18:16:08.45+00:00,True,False,,"aspnetcore,authentication,jwt,openidconnect,openiddict,security",31876,False,2.0.0-rc1-final
Kévin Chalet,2017-10-20T20:57:26.567Z,60,182,Entity Framework Core stores for OpenIddict.,OpenIddict.EntityFrameworkCore,True,2018-02-19T18:15:54.183+00:00,True,False,,"aspnetcore,authentication,jwt,openidconnect,openiddict,security",33918,False,2.0.0-rc1-final
Kévin Chalet,2017-10-20T20:56:01.883Z,60,182,OpenIddict binders for ASP.NET Core MVC.,OpenIddict.Mvc,True,2018-02-19T18:16:21.98+00:00,True,False,,"aspnetcore,authentication,jwt,openidconnect,openiddict,security",30064,False,1.0.0-rc1-final
Muatassim Aziz,2017-10-20T20:54:08.82Z,180,182,Job Schedule is a library similar to Windows Schduling library but it is entirely written using c# and no com dependency.,DevelopmentHelpers.Scheduler,False,2017-10-22T21:06:42.263+00:00,True,False,"This library allows is a Scheduling library which can be utilize in .net project (windows Service) to run schedule jobs. 
Just implment a IJob interface and JobSchedule will execute from your library",,665,False,1.0.3
Kévin Chalet,2017-10-20T20:55:47.577Z,60,182,"OpenIddict's default entities, used by the Entity Framework 6.x and Entity Framework Core stores.",OpenIddict.Models,True,2018-02-19T18:16:08.45+00:00,True,False,,"aspnetcore,authentication,jwt,openidconnect,openiddict,security",31664,False,1.0.0-rc1-final
Kévin Chalet,2017-10-20T20:55:32.657Z,60,182,Entity Framework Core stores for OpenIddict.,OpenIddict.EntityFrameworkCore,True,2018-02-19T18:15:54.183+00:00,True,False,,"aspnetcore,authentication,jwt,openidconnect,openiddict,security",34130,False,1.0.0-rc1-final
Kévin Chalet,2017-10-20T20:55:19.257Z,60,182,Entity Framework 6.x stores for OpenIddict.,OpenIddict.EntityFramework,True,2018-02-19T18:15:40.417+00:00,True,False,,"aspnetcore,authentication,jwt,openidconnect,openiddict,security",355,False,1.0.0-rc1-final
Kévin Chalet,2017-10-20T20:55:05.727Z,60,182,"OpenIddict's core components, used to manage the applications, authorizations, scopes and tokens stored in the database.",OpenIddict.Core,True,2018-02-19T18:15:25.9+00:00,True,False,,"aspnetcore,authentication,jwt,openidconnect,openiddict,security",31991,False,1.0.0-rc1-final
Kévin Chalet,2017-10-20T20:54:50.013Z,60,182,Easy-to-use OpenID Connect server for ASP.NET Core.,OpenIddict,True,2018-02-19T18:15:09.04+00:00,True,False,,"aspnetcore,authentication,jwt,openidconnect,openiddict,security",35103,False,1.0.0-rc1-final
Rodrigo Vedovato,2017-10-20T20:35:20.43Z,43209,182,This package wraps the LZMA SDK from 7zip.org into stream-like architecture,SevenZip.Compression,False,1900-01-01T00:00:00+00:00,False,False,This package wraps the LZMA SDK from 7zip.org into stream-like architecture,"7zip,lzma,compression",-1,False,1.0.0
Kévin Chalet,2017-10-20T20:53:46.967Z,60,182,OpenID Connect server middleware for OWIN/Katana.,Owin.Security.OpenIdConnect.Server,True,2018-02-19T18:07:28.213+00:00,True,False,,"authentication,katana,jwt,openidconnect,owin,security",15053,False,2.0.0-rc1-final
Kévin Chalet,2017-10-20T20:52:50.073Z,60,182,OpenID Connect server middleware for ASP.NET Core.,AspNet.Security.OpenIdConnect.Server,True,2018-02-19T18:05:44.96+00:00,True,False,,"aspnetcore,authentication,jwt,openidconnect,security",164049,False,2.0.0-rc1-final
Kévin Chalet,2017-10-20T20:53:17.787Z,60,182,OAuth2 validation middleware for OWIN/Katana.,Owin.Security.OAuth.Validation,True,2018-02-19T18:06:56.027+00:00,True,False,,"authentication,katana,jwt,openidconnect,owin,security",5592,False,2.0.0-rc1-final
Kévin Chalet,2017-10-20T20:52:07.383Z,60,182,OAuth2 validation middleware for ASP.NET Core.,AspNet.Security.OAuth.Validation,True,2018-02-19T18:04:56.757+00:00,True,False,,"aspnetcore,authentication,jwt,openidconnect,security",165631,False,2.0.0-rc1-final
Kévin Chalet,2017-10-20T20:53:04.43Z,60,182,OAuth2 introspection middleware for OWIN/Katana.,Owin.Security.OAuth.Introspection,True,2018-02-19T18:06:42.18+00:00,True,False,,"authentication,katana,jwt,openidconnect,owin,security",5328,False,2.0.0-rc1-final
Kévin Chalet,2017-10-20T20:52:33.737Z,60,182,OpenID Connect primitives for the OpenID Connect server middleware.,AspNet.Security.OpenIdConnect.Primitives,True,2018-02-19T18:05:27.96+00:00,True,False,,"aspnetcore,authentication,openidconnect,primitives,security",135634,False,2.0.0-rc1-final
Kévin Chalet,2017-10-20T20:53:32.377Z,60,182,OpenID Connect extensions for the OpenID Connect server middleware.,Owin.Security.OpenIdConnect.Extensions,True,2018-02-19T18:07:10.697+00:00,True,False,,"authentication,katana,jwt,openidconnect,owin,security",15255,False,2.0.0-rc1-final
Kévin Chalet,2017-10-20T20:52:20.253Z,60,182,OpenID Connect extensions for the OpenID Connect server middleware.,AspNet.Security.OpenIdConnect.Extensions,True,2018-02-19T18:05:12.38+00:00,True,False,,"aspnetcore,authentication,jwt,openidconnect,security",160903,False,2.0.0-rc1-final
Kévin Chalet,2017-10-20T20:51:25.58Z,60,182,OpenID Connect server middleware for OWIN/Katana.,Owin.Security.OpenIdConnect.Server,False,2018-02-19T18:07:28.213+00:00,True,False,,"authentication,katana,jwt,openidconnect,owin,security",15011,False,1.0.2
Kévin Chalet,2017-10-20T20:51:53.027Z,60,182,OAuth2 introspection middleware for ASP.NET Core.,AspNet.Security.OAuth.Introspection,True,2018-02-19T18:04:43.02+00:00,True,False,,"aspnetcore,authentication,jwt,openidconnect,security",38740,False,2.0.0-rc1-final
,,-1,-1,,E2E.SemVer2PrerelRelisted.171020.203309.6399688,,,,True,,,,,1.0.0-alpha.1
Kévin Chalet,2017-10-20T20:50:41.407Z,60,182,OpenID Connect primitives for the OpenID Connect server middleware.,AspNet.Security.OpenIdConnect.Primitives,False,2018-02-19T18:05:27.96+00:00,True,False,,"aspnetcore,authentication,openidconnect,primitives,security",136025,False,1.0.2
Emmanuel Counasse,2017-10-20T20:51:08.04Z,3,182,Discriminated Json Subtypes Converter implementation for .NET,JsonSubTypes,False,2018-04-17T21:55:17.95+00:00,True,False,,"json,converter,subtype,inheritance,deserializeobject,polymorphism",17246,False,1.1.2
Kévin Chalet,2017-10-20T20:50:58.323Z,60,182,OpenID Connect server middleware for ASP.NET Core.,AspNet.Security.OpenIdConnect.Server,False,2018-02-19T18:05:44.96+00:00,True,False,,"aspnetcore,authentication,jwt,openidconnect,security",163700,False,1.0.2
Kévin Chalet,2017-10-20T20:50:28.363Z,60,182,OpenID Connect extensions for the OpenID Connect server middleware.,AspNet.Security.OpenIdConnect.Extensions,False,2018-02-19T18:05:12.38+00:00,True,False,,"aspnetcore,authentication,jwt,openidconnect,security",160903,False,1.0.2
Kévin Chalet,2017-10-20T20:51:11.43Z,60,182,OpenID Connect extensions for the OpenID Connect server middleware.,Owin.Security.OpenIdConnect.Extensions,False,2018-02-19T18:07:10.697+00:00,True,False,,"authentication,katana,jwt,openidconnect,owin,security",15255,False,1.0.2
Milkyway.Contracts,2017-10-20T20:45:26.76Z,43209,182,Package Description,Milkyway.Contracts,False,1900-01-01T00:00:00+00:00,False,False,,,-1,False,1.0.7
Naeem Afzal,2017-10-20T20:43:17.657Z,53,182,A Handy package for creating operation responses in a smart way.,Responsible.Core,False,2018-02-26T17:44:43.25+00:00,True,False,A Handy package for creating operation responses in a smart way.,"Responsible,Response,Responses,Handle",895,False,3.0.1
Milkyway.Contracts,2017-10-20T20:45:26.76Z,43209,182,Package Description,Milkyway.Contracts,False,1900-01-01T00:00:00+00:00,False,False,,,-1,False,1.0.7
Agent Octal,2017-10-20T20:45:20.09Z,97,182,A WPF support library,AgentOctal.WpfLib,False,2018-01-13T17:23:38.28+00:00,True,False,A WPF support library,"WPF,MVVM",1202,False,1.0.33
Naeem Afzal,2017-10-20T20:43:17.657Z,53,182,A Handy package for creating operation responses in a smart way.,Responsible.Core,False,2018-02-26T17:44:43.25+00:00,True,False,,"Responsible,Response,Responses,Handle",895,False,3.0.1
enemaerke,2017-10-20T20:42:35.577Z,182,182,A DocumentDb persistence layer for IdentityServer3,IdentityServer3.DocumentDb,False,2017-10-20T20:42:35.577+00:00,True,False,,"IdentityServer3,DocumentDb,DocDb,Azure",4293,False,0.7.9
Joshua Honig,2017-10-20T20:43:38.633Z,182,182,Ockham.Net unit testing utilities,Ockham.Test,True,2017-10-20T20:43:38.633+00:00,True,False,,"ockham,test",119,False,0.1.1-alpha
Christopher Sellers,2017-10-20T20:37:09.177Z,43209,182,A library to support design by contract software correctness principles.,CodeEssence.DesignByContract,False,1900-01-01T00:00:00+00:00,False,False,A library to support design by contract software correctness principles.,"code,contracts,design,by,contract",-1,False,2.0.3
Austin Drenski,2017-10-20T20:41:16.02Z,43209,182,C# library of database definitions. Internal use only.,ApiLibrary,False,1900-01-01T00:00:00+00:00,False,False,,,-1,False,1.3.7
gomi_ningen,2017-10-20T20:39:50.75Z,182,182,A Network Activity Indicator Manager for Xamarin.iOS,Pawotter.NetworkActivityManager,False,2017-10-20T20:39:50.75+00:00,True,False,,Xamarin.iOS,67,False,1.0.0
Naeem Afzal,2017-10-12T00:37:08.39Z,53,190,Handles operation responses.,Responsible.Core,False,2018-02-26T17:44:43.25+00:00,False,False,A Handy package for handling operation responses in a smart way.,"Responsible,Response,Handler",895,False,1.0.0
Naeem Afzal,2017-10-20T20:35:59.48Z,53,182,A Handy package for creating operation responses in a smart way.,Responsible.Core,False,2018-02-26T17:44:43.25+00:00,True,False,A Handy package for creating operation responses in a smart way.,"Responsible,Response,Responses,Handle",895,False,3.0.0
Rodrigo Vedovato,2017-10-20T20:35:20.43Z,43209,182,This package wraps the LZMA SDK from 7zip.org into stream-like architecture,SevenZip.Compression,False,1900-01-01T00:00:00+00:00,False,False,This package wraps the LZMA SDK from 7zip.org into stream-like architecture,"7zip,lzma,compression",-1,False,1.0.0
"buckstephenh,addyournugetorgprofilenamehere",2017-10-20T20:36:07.65Z,43209,182,"Welcome to lifeIMAGE Agent!  This utility connects your enterprise data sources with lifeIMAGE 
to create powerful workflows using an extensible connection framework.  Built-in bi-directional
connectors include PACS, HL7, lifeIMAGE, and file.  Build your own additional connectors or
contact lifeIMAGE for support.

Supported Platforms: Linux, Mac, Windows",lifeimage-agent,False,1900-01-01T00:00:00+00:00,False,False,,"lifeIMAGE,life,image,DICOM,PACS,HL7,IHE",-1,False,1.0.7
Christian Soltenborn,2017-10-20T20:37:36.213Z,132,182,Adds capability to run and debug C++ tests written with the Google Test framework to Visual Studio. Installing this test adapter via NuGet (as compared to installation through the VS Marketplace) lacks debugging and configuration through VS Options as well as the toolbar (configuration via test settings file is supported). Main use case: build servers.,GoogleTestAdapter,False,2017-12-09T08:03:05.86+00:00,True,False,Supports running Google Test C++ tests within Visual Studio. Limited functionality compared to installation via VS Marketplace.,"native,gtest,Google,Test,adapter,C++,unit,integration,automated,testing",15721,False,0.12.0
Christopher Sellers,2017-10-20T20:37:09.177Z,43209,182,A library to support design by contract software correctness principles.,CodeEssence.DesignByContract,False,1900-01-01T00:00:00+00:00,False,False,,"code,contracts,design,by,contract",-1,False,2.0.3
Naeem Afzal,2017-10-20T20:35:59.48Z,53,182,A Handy package for creating operation responses in a smart way.,Responsible.Core,False,2018-02-26T17:44:43.25+00:00,True,False,A Handy package for creating operation responses in a smart way.,"Responsible,Response,Responses,Handle",895,False,3.0.0
EndToEndTests,2017-10-20T20:33:25.703Z,43209,182,Description of E2E.SemVer1StableUnlisted.171020.203309.4055982,E2E.SemVer1StableUnlisted.171020.203309.4055982,False,1900-01-01T00:00:00+00:00,False,False,,,-1,False,1.0.0
,,-1,-1,,E2E.SemVer2PrerelRelisted.171020.203309.6399688,,,,True,,,,,1.0.0-alpha.1
,,-1,-1,,E2E.SemVer2PrerelUnlisted.171020.203309.6399688,,,,True,,,,,1.0.0-alpha.1
,,-1,-1,,E2E.SemVer2StableMetadataUnlisted.171020.203309.6399688,,,,True,,,,,1.0.0+metadata
SevenZip.Compression,2017-10-20T20:35:20.43Z,43209,182,Package Description,SevenZip.Compression,False,1900-01-01T00:00:00+00:00,False,False,,,-1,False,1.0.0
,,-1,-1,,E2E.SemVer2DueToSemVer2Dep.171020.203309.6399688,,,,True,,,,,1.0.0-beta
,,-1,-1,,E2E.SemVer2PrerelUnlisted.171020.203309.6399688,,,,True,,,,,1.0.0-alpha.1
EndToEndTests,2017-10-20T20:33:23.437Z,182,182,Description of E2E.SemVer1Stable.171020.203309.4055982,E2E.SemVer1Stable.171020.203309.4055982,False,2017-10-20T20:33:23.437+00:00,True,False,,,9,False,1.0.0
,,-1,-1,,E2E.SemVer2StableMetadataUnlisted.171020.203309.6399688,,,,True,,,,,1.0.0+metadata
,,-1,-1,,E2E.SemVer2Prerel.171020.203309.6399688,,,,True,,,,,1.0.0-alpha.1
,,-1,-1,,E2E.SemVer2StableMetadata.171020.203309.6399688,,,,True,,,,,1.0.0+metadata
EndToEndTests,2017-10-20T20:33:25.703Z,43209,182,Description of E2E.SemVer1StableUnlisted.171020.203309.4055982,E2E.SemVer1StableUnlisted.171020.203309.4055982,False,1900-01-01T00:00:00+00:00,False,False,,,-1,False,1.0.0
,,-1,-1,,E2E.SemVer2PrerelRelisted.171020.203309.6399688,,,,True,,,,,1.0.0-alpha.1
Milkyway.Contracts,2017-10-20T20:26:38.353Z,43209,182,Package Description,Milkyway.Contracts,False,1900-01-01T00:00:00+00:00,False,False,,,-1,False,1.0.5
Rafael Almeida,2017-10-20T20:29:33.75Z,125,182,"Classes para geração de XMLs (NF-e/NFC-e, CT-e, MDF-e, GNRE , Minuta e Entrega)",Jamsoft.Core.Classes,True,2017-12-16T12:08:34.09+00:00,True,False,,,1118,False,5.0.1-alpha1
Andrey Osintsev,2017-10-20T20:30:17.593Z,58,182,"Powerfull Redis .NET client (net45, netcoreapp1.0, netstandard1.4)",DotRedis,False,2018-02-21T22:11:35.433+00:00,True,False,,,435,False,1.0.0
,,-1,-1,,E2E.SemVer2PrerelRelisted.171020.202734.9023947,,,,True,,,,,1.0.0-alpha.1
,,-1,-1,,E2E.SemVer2StableMetadataUnlisted.171020.202734.9023947,,,,True,,,,,1.0.0+metadata
,,-1,-1,,E2E.SemVer2PrerelUnlisted.171020.202734.9023947,,,,True,,,,,1.0.0-alpha.1
EndToEndTests,2017-10-20T20:27:45.633Z,43209,182,Description of E2E.SemVer1StableUnlisted.171020.202734.6211560,E2E.SemVer1StableUnlisted.171020.202734.6211560,False,1900-01-01T00:00:00+00:00,False,False,,,-1,False,1.0.0
,,-1,-1,,E2E.SemVer2StableMetadataUnlisted.171020.202734.9023947,,,,True,,,,,1.0.0+metadata
Jamsoft.Core.Util,2017-10-20T20:27:18.79Z,125,182,Package Description,Jamsoft.Core.Util,True,2017-12-16T12:09:57.017+00:00,True,False,,,1013,False,5.0.1-alpha1
Milkyway.Contracts,2017-10-20T20:26:38.353Z,43209,182,Package Description,Milkyway.Contracts,False,1900-01-01T00:00:00+00:00,False,False,,,-1,False,1.0.5
EndToEndTests,2017-10-20T20:27:45.633Z,43209,182,Description of E2E.SemVer1StableUnlisted.171020.202734.6211560,E2E.SemVer1StableUnlisted.171020.202734.6211560,False,1900-01-01T00:00:00+00:00,False,False,,,-1,False,1.0.0
,,-1,-1,,E2E.SemVer2PrerelUnlisted.171020.202734.9023947,,,,True,,,,,1.0.0-alpha.1
Jamsoft.Core.Enums,2017-10-20T20:27:45.447Z,125,182,Package Description,Jamsoft.Core.Enums,True,2017-12-16T12:09:05.03+00:00,True,False,,,1046,False,5.0.1-alpha1
,,-1,-1,,E2E.SemVer2PrerelRelisted.171020.202734.9023947,,,,True,,,,,1.0.0-alpha.1
,,-1,-1,,E2E.SemVer2StableMetadata.171020.202734.9023947,,,,True,,,,,1.0.0+metadata
,,-1,-1,,E2E.SemVer2DueToSemVer2Dep.171020.202734.9023947,,,,True,,,,,1.0.0-beta
,,-1,-1,,E2E.SemVer2Prerel.171020.202734.9023947,,,,True,,,,,1.0.0-alpha.1
EndToEndTests,2017-10-20T20:27:47.713Z,182,182,Description of E2E.SemVer1Stable.171020.202734.6211560,E2E.SemVer1Stable.171020.202734.6211560,False,2017-10-20T20:27:47.713+00:00,True,False,,,10,False,1.0.0
"takenet,andrebires",2017-10-20T20:24:16.07Z,14,182,C# LIME protocol stack implementation.,Lime.Protocol,True,2018-04-06T14:54:15.49+00:00,True,False,,lime,91449,False,0.7.236-beta
"takenet,andrebires",2017-10-20T20:24:57.727Z,14,182,C# LIME tcp transport library,Lime.Transport.Tcp,True,2018-04-06T14:54:41.287+00:00,True,False,,lime,71220,False,0.7.236-beta
"Dwolla,Inc",2017-10-20T20:25:18.713Z,91,182,Official C# Wrapper for Dwolla's API v2,Dwolla.Client,False,2018-01-19T20:25:05.11+00:00,True,False,,"dwolla,api,payments,bank,transfers,money,ach,sdk",1200,False,1.0.2
Alexey Galkin,2017-10-20T20:24:16.32Z,178,182,An app for Seq (http://getseq.net) that forwards messages to Discord.,Seq.App.Discord,False,2017-10-24T10:41:01.603+00:00,True,False,,"seq-app,seq,serilog,event,discord",415,False,0.2.2
"takenet,andrebires",2017-10-20T20:25:14.76Z,14,182,C# LIME web socket transport library,Lime.Transport.WebSocket,True,2018-04-06T14:54:54.913+00:00,True,False,,lime,51719,False,0.7.236-beta
"takenet,andrebires",2017-10-20T20:24:30.963Z,72,182,C# LIME protocol serialization library,Lime.Protocol.Serialization,True,2018-02-07T12:42:46.343+00:00,True,False,,lime,14931,False,0.7.236-beta
"takenet,andrebires",2017-10-20T20:24:00.93Z,14,182,Common content types and resource for LIME messaging applications.,Lime.Messaging,True,2018-04-06T14:54:02.897+00:00,True,False,,lime,76523,False,0.7.236-beta
FTLab,2017-10-20T20:24:41.82Z,159,182,FluentDb.Sql FTLab Fintech,FluentDb.Sql,False,2017-11-12T16:53:20.993+00:00,True,False,,"FluentDb.Sql,FTLab,Fintech,Sql",230,False,1.0.5
"takenet,andrebires",2017-10-20T20:24:43.82Z,14,182,C# LIME transport redis library,Lime.Transport.Redis,True,2018-04-06T14:54:28.1+00:00,True,False,,lime,13259,False,0.7.236-beta
FTLab,2017-10-20T20:22:18.197Z,159,182,FluentDb FTLab Fintech,FluentDb,False,2017-11-12T16:51:45.007+00:00,True,False,,"FluentDb,FTLab,Fintech",364,False,1.0.5
FTLab,2017-10-20T20:20:39.417Z,159,182,FluentDb.Sql FTLab Fintech,FluentDb.Sql,False,2017-11-12T16:53:20.993+00:00,True,False,,"FluentDb.Sql,FTLab,Fintech,Sql",230,False,1.0.4
FTLab,2017-10-20T20:20:04.353Z,159,182,FluentDb FTLab Fintech,FluentDb,False,2017-11-12T16:51:45.007+00:00,True,False,,"FluentDb,FTLab,Fintech",364,False,1.0.4
XMLUnit Contributors,2017-10-20T20:16:23.04Z,182,182,"This package contains NUnit 2.x Constraints to be used with XMLUnit.NET's core.
    XMLUnit provides you with the tools to verify the XML you emit is the one you want to create.
    It provides helpers to validate against an XML Schema, assert the values of XPath queries or compare XML documents against expected outcomes.",XMLUnit.NUnit2.Constraints,False,2017-10-20T20:16:23.04+00:00,True,False,Constraints Classes of XMLUnit.NET,"xmlunit,xml,unit-testing,test,xmldiff,nunit,nunit2",7983,False,2.5.1
XMLUnit Contributors,2017-10-20T20:17:13.65Z,182,182,"This package contains NUnit 3.x Constraints to be used with XMLUnit.NET's core.
    XMLUnit provides you with the tools to verify the XML you emit is the one you want to create.
    It provides helpers to validate against an XML Schema, assert the values of XPath queries or compare XML documents against expected outcomes.",XMLUnit.NUnit3.Constraints,False,2017-10-20T20:17:13.65+00:00,True,False,NUnit 3.x Constraints Classes of XMLUnit.NET,"xmlunit,xml,unit-testing,test,xmldiff,nunit,nunit3",9176,False,2.5.1
XMLUnit Contributors,2017-10-20T20:15:21.59Z,182,182,"XMLUnit provides you with the tools to verify the XML you emit is the one you want to create.
    It provides helpers to validate against an XML Schema, assert the values of XPath queries or compare XML documents against expected outcomes.",XMLUnit.Core,False,2017-10-20T20:15:21.59+00:00,True,False,Core Classes of XMLUnit.NET,"xmlunit,xml,unit-testing,test,xmldiff",56371,False,2.5.1
Marc Wittke,2017-10-20T20:12:48.793Z,25,182,Persistence implementation for Backend.Fx using Entity Framework Core 1.1,Backend.Fx.EfCorePersistence,True,2018-03-26T20:33:33.807+00:00,True,False,,,2557,False,2.0.0-beta1
Marc Wittke,2017-10-20T20:13:04.653Z,25,182,NLog logging implementation for Backend.Fx,Backend.Fx.NLogLogging,True,2018-03-26T20:33:48.37+00:00,True,False,,,2684,False,2.0.0-beta1
Backend.Fx.Testing,2017-10-20T20:13:17.45Z,25,182,Package Description,Backend.Fx.Testing,True,2018-03-26T20:34:01.4+00:00,True,False,,,1927,False,2.0.0-beta1
Marc Wittke,2017-10-20T20:12:22.09Z,25,182,Abstractions of Backend.Fx and generic base implementations.,Backend.Fx,True,2018-03-26T20:33:05.65+00:00,True,False,,,2749,False,2.0.0-beta1
Marc Wittke,2017-10-20T20:12:34.51Z,25,182,Bootstrapping for Backend.Fx using Simple Injector 4,Backend.Fx.Bootstrapping,True,2018-03-26T20:33:19.68+00:00,True,False,,,2632,False,2.0.0-beta1
FTLab,2017-10-20T20:09:34.73Z,159,182,Fintech FTLab FluentDb.Sql,FluentDb.Sql,False,2017-11-12T16:53:20.993+00:00,True,False,,"Fintech,FTLab,FluentDb.Sql,Sql",230,False,1.0.0
Dean Ellis,2017-10-20T20:03:57.39Z,66,182,"Easily create Mac, itch.io and Steam packages/bundles for your Cross platform MonoGame Projects.",InfinitespaceStudios.MonoGame.Packaging,True,2018-02-13T20:18:13.917+00:00,True,False,"Packaging can be a pain. This nuget contains a set of msbuild targets and a console app which will
    help you automatically create app packages.
    For targeting OSX, it will create an .app package which is ready for signing and publishing to the app store.
    For Steam it will create a zip which will allow your game to run on Mac, Linux and Windows.
    For Itch.io it will create 3 zips files which will allow your game to run on Mac, Linux and Windows.",,591,False,0.0.6-alpha
Analyze Re,2017-10-20T20:02:51.25Z,74,182,A testing framework for the Analyze Re Client Library,AnalyzeRe.Client.Test,False,2018-02-05T19:39:30.553+00:00,True,False,,"AnalyzeRe,Client,Library,Integration,Test",26686,False,1.27.6502.30669
Analyze Re,2017-10-20T20:02:32.813Z,74,182,A client library for Analyze Re high performance analytics services,AnalyzeRe.Client,False,2018-02-05T19:32:10.13+00:00,True,False,,"AnalyzeRe,REST,Client,Library,Insurance,Reinsurance,Analytics",26748,False,1.27.6502.30667
riipah,2017-10-20T19:58:17.99Z,182,182,Simple .NET client for retrieving song post information from Piapro (http://piapro.jp).,PiaproClient,False,2017-10-20T19:58:17.99+00:00,True,False,,Piapro,3732,False,1.2.1
ByteTerrace,2017-10-19T23:33:02.347Z,43209,183,A library that implements Microsoft SQL Server functionality used in ByteTerrace projects.,ByteTerrace.CSharp.MsSql,False,1900-01-01T00:00:00+00:00,False,False,,,-1,False,0.0.45
FTLab,2017-10-20T19:53:53.71Z,159,182,Fintech FTLab FluentDb,FluentDb,False,2017-11-12T16:51:45.007+00:00,True,False,,"Fintech,FTLab,FluentDb",364,False,1.0.3
ByteTerrace,2017-10-20T19:53:00.43Z,43209,182,A library that implements Microsoft SQL Server functionality used in ByteTerrace projects.,ByteTerrace.CSharp.MsSql,False,1900-01-01T00:00:00+00:00,False,False,,,-1,False,0.0.46
Integrity Marketing Group,2017-10-20T19:48:42.763Z,1,182,I2M is Integrity's platform to create a highly scalable service orientated architecture,IntegrityMarketingGroup.I2M.Client,False,2018-04-20T01:20:55.62+00:00,True,False,,"I2M,Integrity,IntegrityMarketingGroup",20202,False,2017.10.20.1
buildguest,2017-10-20T19:48:29.28Z,1,182,Description,I2M.Client45.Test,False,2018-04-20T01:20:53.76+00:00,True,False,,,18777,False,2017.10.20.1
tranb3r,2017-10-20T19:44:14.237Z,182,182,Cross-platform library for image bitmask manipulation,ImageBitmask,True,2017-10-20T19:44:14.237+00:00,True,False,,,730,False,2.2.0-pre
LawPanel Ltd.,2017-10-20T19:43:47.83Z,9,182,Typed .NET client for lawpanel.com REST APIs,LawPanel.ApiClient.DotNet,False,2018-04-11T15:18:22.167+00:00,True,False,,"Trademarks,lawyers,law,lawpanel,api",1312,False,0.0.13
DotNet.Basics,2017-10-20T19:32:39.787Z,43209,182,Package Description,DotNet.Basics,True,1900-01-01T00:00:00+00:00,False,False,,,20433,False,9.0.0-rc.5+c1ca176
ViridRaven,2017-10-20T19:30:42.51Z,139,182,This project is inspired by Ensure.That developed by Daniel Wertheim. The purpose of this library is to allow  common validation checks to be easily made.,Ensure.Core,True,2017-12-02T11:10:08.113+00:00,True,False,,"ensure,validation,check",484,False,0.0.2-alpha2
ViridRaven,2017-10-20T19:30:42.51Z,139,182,This project is inspired by Ensure.That developed by Daniel Wertheim. The purpose of this library is to allow  common validation checks to be easily made.,Ensure.Core,True,2017-12-02T11:10:08.113+00:00,True,False,,"ensure,validation,check",484,False,0.0.2-alpha2
Bruno N. Fernandes,2017-10-20T19:30:00.853Z,77,182,"Pleno Excel é um façade para o DocumentFormat.OpenXML muito simples de utilizar. 

[TestClass]
public class MPSC.PlenoSoft.Office.PlenoExcel.Testes
{
	[TestMethod]
	public void Exemplo_De_Como_Gerar_Uma_Planilha_Excel()
	{
		var arquivoExcel = new FileInfo(@""C:\Temp\PlenoExcel.xlsx"");
		var plenoExcel = new PlenoExcel(arquivoExcel, Modo.Padrao);

		var plan1 = plenoExcel[""Plan1""];

		plan1.Escrever(""A"", 1, ""Numero 1"", Style.Header);
		plan1.Escrever(""B"", 1, ""Número 2"", Style.Header);
		plan1.Escrever(""C"", 1, ""Soma"", Style.Header);

		plan1.Escrever(""A"", 2, 6, Style.Geral);
		plan1.Escrever(""B"", 2, 4, Style.Geral);
		plan1.Escrever(""C"", 2, ""=SUM(A2:B2)"", Style.Geral);

		plenoExcel.Salvar();
		plenoExcel.Fechar();
	}

	[TestMethod] 
	public void Exemplo_De_Como_Gerar_Uma_Planilha_Excel_A_Partir_De_Uma_Lista_De_DTOs()
	{
		var arquivoExcel = new FileInfo(@""C:\Temp\PlenoExcel.xlsx"");
		var plenoExcel = new PlenoExcel(arquivoExcel, Modo.Padrao | Modo.ApagarSeExistir);
		plenoExcel.Exportar(listaDTO);
		plenoExcel.Fechar();
	}
}",MPSC.PlenoSoft.Office.PlenoExcel,False,2018-02-02T18:44:28.38+00:00,True,False,Um façade para o DocumentFormat.OpenXML muito simples de utilizar.,"Document,Format,Open,Xml,Office,Excel,Planilha,Pleno,Soft,DocumentFormat,OpenXml",744,False,1.0.0.114
ByteTerrace,2017-10-20T19:18:08.257Z,43209,182,A library that implements core functionality used in ByteTerrace projects.,ByteTerrace.CSharp.Core,False,1900-01-01T00:00:00+00:00,False,False,,,-1,False,0.0.41
ByteTerrace,2017-10-20T19:25:18.303Z,43209,182,A library that implements core functionality used in ByteTerrace projects.,ByteTerrace.CSharp.Core,False,1900-01-01T00:00:00+00:00,False,False,,,-1,False,0.0.42
"Jose Jimenez,Quinn (Qin) Liu,Don Pham,John Gaines",2017-10-20T19:24:06.273Z,178,182,Simple C# Console View Helper,ConsoleView,False,2017-10-24T19:22:47.927+00:00,True,False,Simple C# Console View Helper,"console,text",754,False,0.2.7
BDO Canada IT Solutions,2017-10-20T19:17:09.48Z,179,182,Advance Framework Practice by BDO Canada LLP IT Solution practice,AdvanceFramework1,False,2017-10-23T19:02:16.693+00:00,True,False,,".NET,Business,Application,Development",1478,False,20171020.2.0
ByteTerrace,2017-10-20T19:08:09.93Z,43209,182,A library that implements core functionality used in ByteTerrace projects.,ByteTerrace.CSharp.Core,False,1900-01-01T00:00:00+00:00,False,False,,,-1,False,0.0.40
BDO Canada IT Solutions,2017-10-20T19:17:09.48Z,179,182,Advance Framework Practice by BDO Canada LLP IT Solution practice,AdvanceFramework1,False,2017-10-23T19:02:16.693+00:00,True,False,,".NET,Business,Application,Development",1478,False,20171020.2.0
ByteTerrace,2017-10-20T19:18:08.257Z,43209,182,A library that implements core functionality used in ByteTerrace projects.,ByteTerrace.CSharp.Core,False,1900-01-01T00:00:00+00:00,False,False,,,-1,False,0.0.41
AB4D,2017-10-20T19:14:08.55Z,182,182,.Net wrapper for Oculus Rift SDK,Ab3d.OculusWrap,False,2017-10-20T19:14:08.55+00:00,True,False,,"3D,Oculus,Rift,OVR,VR,DirectX,OpenGL,SharpDX",589,False,1.18.0.2
ByteTerrace,2017-10-19T23:23:12.417Z,43209,183,A library that implements core functionality used in ByteTerrace projects.,ByteTerrace.CSharp.Core,False,1900-01-01T00:00:00+00:00,False,False,,,-1,False,0.0.39
ByteTerrace,2017-10-20T19:08:09.93Z,43209,182,A library that implements core functionality used in ByteTerrace projects.,ByteTerrace.CSharp.Core,False,1900-01-01T00:00:00+00:00,False,False,,,-1,False,0.0.40
Lykke.Service.Registration,2017-10-20T19:02:39.197Z,11,182,Package Description,Lykke.Service.Registration,True,2018-04-09T14:12:55.237+00:00,True,False,,,5898,False,1.0.32-beta9
Sifiso Shezi,2017-10-20T18:53:55.543Z,173,182,Marten persistence layer for IdentityServer4 using postgresql as a document store,IdentityServer4.Postgresql,True,2017-10-29T12:11:10.367+00:00,True,False,,"OAuth2,OAuth,2.0,OpenID,Connect,Security,Identity,IdentityServer,Postgresql",5483,False,2.0.4-beta001
Sifiso Shezi,2017-10-20T18:53:55.543Z,173,182,Marten persistence layer for IdentityServer4 using postgresql as a document store,IdentityServer4.Postgresql,True,2017-10-29T12:11:10.367+00:00,True,False,,"OAuth2,OAuth,2.0,OpenID,Connect,Security,Identity,IdentityServer,Postgresql",5483,False,2.0.4-beta001
ConsoleRouter,2017-10-20T18:52:43.283Z,176,182,Package Description,ConsoleRouter,False,2017-10-26T18:22:41.843+00:00,True,False,,,593,False,0.0.5
TIKSN,2017-10-19T20:34:48.313Z,14,183,"This is a .NET Framework enhancement framework. Main features are Versioning, Finance, Currency, Foreign Exchange, Money, Pricing strategy, Telemetry, Composite Weighted Progress, Repository and Unity of Wok pattern implementation with Entity Framework Core, Network Connectivity Service and Triggering, Settings, Windows Registry configuration source, Azure Storage Repository, MongoDB Repository, NoDB Repository, Lingual and Regional Localization, Serialization, Rest Requester, Rest Repository, Dependency Injection, Composition Root Setup base classes.",TIKSN-Framework,True,2018-04-06T22:47:35.373+00:00,False,False,,"Framework,Versioning,Finance,Currency,Money,Foreign,Exchange,Telemetry,Configuration,Azure,Storage,MongoDB,NoDB,Rest,Localization,Dependency,Injection",41055,False,3.0.0-alpha.6
TIKSN,2017-10-20T18:45:19.443Z,14,182,"This is a .NET Framework enhancement framework. Main features are Versioning, Finance, Currency, Foreign Exchange, Money, Pricing strategy, Telemetry, Composite Weighted Progress, Repository and Unity of Wok pattern implementation with Entity Framework Core, Network Connectivity Service and Triggering, Settings, Windows Registry configuration source, Azure Storage Repository, MongoDB Repository, NoDB Repository, Lingual and Regional Localization, Serialization, Rest Requester, Rest Repository, Dependency Injection, Composition Root Setup base classes.",TIKSN-Framework,True,2018-04-06T22:47:35.373+00:00,True,False,,"Framework,Versioning,Finance,Currency,Money,Foreign,Exchange,Telemetry,Configuration,Azure,Storage,MongoDB,NoDB,Rest,Localization,Dependency,Injection",41055,False,3.0.0-alpha.7
,,-1,-1,,E2E.SemVer2PrerelRelisted.171020.182706.9140302,,,,True,,,,,1.0.0-alpha.1
Jamsoft.Core.Enums,2017-10-20T18:44:10.09Z,125,182,Package Description,Jamsoft.Core.Enums,True,2017-12-16T12:09:05.03+00:00,True,False,,,1046,False,5.0.1-alpha
Jamsoft.Core.Util,2017-10-20T18:43:16.687Z,125,182,Package Description,Jamsoft.Core.Util,True,2017-12-16T12:09:57.017+00:00,True,False,,,1013,False,5.0.1-alpha
Rafael Almeida,2017-10-20T18:43:48.17Z,125,182,"Classes para geração de XMLs (NF-e/NFC-e, CT-e, MDF-e, GNRE , Minuta e Entrega)",Jamsoft.Core.Classes,True,2017-12-16T12:08:34.09+00:00,True,False,,,1118,False,5.0.1-alpha
EndToEndTests,2017-10-20T18:41:52.273Z,43209,182,Description of E2E.SemVer1StableUnlisted.171020.184139.9894591,E2E.SemVer1StableUnlisted.171020.184139.9894591,False,1900-01-01T00:00:00+00:00,False,False,,,-1,False,1.0.0
,,-1,-1,,E2E.SemVer2PrerelRelisted.171020.184140.2704031,,,,True,,,,,1.0.0-alpha.1
,,-1,-1,,E2E.SemVer2StableMetadataUnlisted.171020.184140.2704031,,,,True,,,,,1.0.0+metadata
,,-1,-1,,E2E.SemVer2PrerelUnlisted.171020.184140.2704031,,,,True,,,,,1.0.0-alpha.1
,,-1,-1,,E2E.SemVer2PrerelUnlisted.171020.184140.2704031,,,,True,,,,,1.0.0-alpha.1
EndToEndTests,2017-10-20T18:41:52.273Z,43209,182,Description of E2E.SemVer1StableUnlisted.171020.184139.9894591,E2E.SemVer1StableUnlisted.171020.184139.9894591,False,1900-01-01T00:00:00+00:00,False,False,,,-1,False,1.0.0
,,-1,-1,,E2E.SemVer2DueToSemVer2Dep.171020.184140.2704031,,,,True,,,,,1.0.0-beta
,,-1,-1,,E2E.SemVer2StableMetadataUnlisted.171020.184140.2704031,,,,True,,,,,1.0.0+metadata
,,-1,-1,,E2E.SemVer2StableMetadata.171020.184140.2704031,,,,True,,,,,1.0.0+metadata
,,-1,-1,,E2E.SemVer2Prerel.171020.184140.2704031,,,,True,,,,,1.0.0-alpha.1
,,-1,-1,,E2E.SemVer2PrerelRelisted.171020.184140.2704031,,,,True,,,,,1.0.0-alpha.1
EndToEndTests,2017-10-20T18:41:55.507Z,182,182,Description of E2E.SemVer1Stable.171020.184139.9894591,E2E.SemVer1Stable.171020.184139.9894591,False,2017-10-20T18:41:55.507+00:00,True,False,,,13,False,1.0.0
Codefoco,2017-10-20T18:36:16.303Z,132,182,Library to create simple Mazes,MazeCreator,True,2017-12-09T17:59:22.163+00:00,True,False,,"maze,dfs",1458,False,1.0.1-beta-build
Microsoft,2017-10-20T18:31:13.82Z,43209,182,"This package will be deprecated in favor of Microsoft Xbox Game Chat 2 C++ API for UWP apps. This library should not be used for new projects. The Microsoft Xbox GameChat API enables game developers to provide in-game voice communications between gamers in their titles. To use this package and get access to the Xbox Live Service, please apply to the ID@Xbox program at http://www.xbox.com/en-us/Developers/id",Microsoft.Xbox.GameChat.WinRT.UWP,False,1900-01-01T00:00:00+00:00,False,False,Game chat refers to the technology used to enable voice communications between users of a single title on remote devices..,"Microsoft,Xbox,Live,SDK,GameChat,WinRT,UWP,Windows,Apps",1647,True,1706.5.0
dannguyen,2017-10-20T18:30:10.92Z,182,182,Description,Custom.IdentityServer3.AccessTokenValidation,False,2017-10-20T18:30:10.92+00:00,True,False,,,106,False,2.15.0
"Sergio Silveira,Phillip Sharpe",2017-10-20T18:31:13.647Z,5,182,Cake Build addon for IIS.,Cake.IIS,False,2018-04-15T12:31:27.207+00:00,True,False,IIS addon for cake build.,"Cake,Script,Build,IIS",35185,False,0.3.1
Codefoco,2017-10-20T18:30:28.107Z,132,182,Library to create simple Mazes,MazeCreator,True,2017-12-09T17:59:22.163+00:00,True,False,,"maze,dfs",1458,False,1.0.1-beta-build7
Microsoft,2017-10-20T18:30:19.357Z,32,182,"Game Chat 2 is the technology used to enable in-game voice communications between users on different devices. Developers of titles supporting cross play on Windows 10 and Xbox One should ensure the major version of this package matches the major version of the XDK being used. To use this package and get access to the Xbox Live service, please apply to the ID@Xbox program at http://www.xbox.com/en-us/Developers/id",Microsoft.Xbox.Game.Chat.2.Cpp.UWP,False,2018-03-19T16:48:29.17+00:00,True,False,Game Chat refers to the technology used to enable voice communications between users of a single title on multiple devices.,"Microsoft,Xbox,Live,SDK,GameChat,Chat,Voice,C++,UWP,Windows,Apps",1091,True,1706.5.0
Daniel Häfele,2017-10-20T18:27:44.983Z,60,182,Makes my life with uwp projects easier.,UwCore,False,2018-02-19T21:46:56.99+00:00,True,False,,,11440,False,0.1.97
Ruslan Balanukhin,2017-10-20T18:28:26.587Z,182,182,OpenNISharp2 is a managed library for .NET/Mono.,OpenNISharp2,False,2017-10-20T18:28:26.587+00:00,True,False,,OpenNI2,119,False,2.2.0.1
Microsoft,2017-10-20T18:27:55.433Z,32,182,"The Microsoft Xbox Integrated Multiplayer API provides game developers with basic multiplayer communication through the power of Xbox Live. Developers of titles supporting cross play on Windows 10 and Xbox One should ensures the major version of this package matches the major version of the XDK being used. To use this package and get access to the Xbox Live service, please apply to the ID@Xbox program at http://www.xbox.com/en-us/Developers/id",Microsoft.Xbox.XboxIntegratedMultiplayer.Cpp.UWP,False,2018-03-19T16:46:56.167+00:00,True,False,Xbox Integrated Multiplayer enables games to provide great online multiplayer experiences via Xbox Live.,"Microsoft,Xbox,Live,SDK,Integrated,Multiplayer,XboxIntegratedMultiplayer,XIM,Cpp,C++,UWP,Windows,Apps",3408,True,1706.5.0
Timwi rstarkov,2017-10-20T18:28:22.277Z,146,182,Implements an arithmetic coding encoder and decoder with support for adaptive symbol context.,RT.ArithmeticCoding,False,2017-11-25T18:57:58.833+00:00,True,False,,"arithmetic,entropy,coding",653,False,1.0.51
,,-1,-1,,E2E.SemVer2PrerelRelisted.171020.182706.9140302,,,,True,,,,,1.0.0-alpha.1
,,-1,-1,,E2E.SemVer2PrerelUnlisted.171020.182706.9140302,,,,True,,,,,1.0.0-alpha.1
EndToEndTests,2017-10-20T18:27:18.44Z,43209,182,Description of E2E.SemVer1StableUnlisted.171020.182706.6640184,E2E.SemVer1StableUnlisted.171020.182706.6640184,False,1900-01-01T00:00:00+00:00,False,False,,,-1,False,1.0.0
,,-1,-1,,E2E.SemVer2StableMetadataUnlisted.171020.182706.9140302,,,,True,,,,,1.0.0+metadata
,,-1,-1,,E2E.SemVer2StableMetadataUnlisted.171020.182706.9140302,,,,True,,,,,1.0.0+metadata
,,-1,-1,,E2E.SemVer2PrerelUnlisted.171020.182706.9140302,,,,True,,,,,1.0.0-alpha.1
,,-1,-1,,E2E.SemVer2PrerelRelisted.171020.182706.9140302,,,,True,,,,,1.0.0-alpha.1
,,-1,-1,,E2E.SemVer2Prerel.171020.182706.9140302,,,,True,,,,,1.0.0-alpha.1
EndToEndTests,2017-10-20T18:27:18.44Z,43209,182,Description of E2E.SemVer1StableUnlisted.171020.182706.6640184,E2E.SemVer1StableUnlisted.171020.182706.6640184,False,1900-01-01T00:00:00+00:00,False,False,,,-1,False,1.0.0
,,-1,-1,,E2E.SemVer2StableMetadata.171020.182706.9140302,,,,True,,,,,1.0.0+metadata
EndToEndTests,2017-10-20T18:27:19.953Z,182,182,Description of E2E.SemVer1Stable.171020.182706.6640184,E2E.SemVer1Stable.171020.182706.6640184,False,2017-10-20T18:27:19.953+00:00,True,False,,,14,False,1.0.0
,,-1,-1,,E2E.SemVer2DueToSemVer2Dep.171020.182706.9140302,,,,True,,,,,1.0.0-beta
OrleansContrib,2017-10-20T18:25:25.5Z,182,182,An ArangoDB storage provider for Microsoft Orleans,Orleans.StorageProvider.Arango,False,2017-10-20T18:25:25.5+00:00,True,False,,"orleans,storage-provider,arnago",362,False,1.5.2
"The Bootstrap Authors,Twitter Inc.",2017-10-20T18:23:55.103Z,182,182,"The most popular front-end framework for developing responsive, mobile first projects on the web.",Bootstrap.New,True,2017-10-20T18:23:55.103+00:00,True,False,"Bootstrap framework in CSS (normalize.css v6.0.0 Integrated). Includes fonts and JavaScript
Update GlyphiconsPro and CSS Font","Bootstrap,css,mobile-first,responsive,front-end,framework,web",688,False,4.0.0-beta2
Naos Project,2017-10-20T18:22:51.83Z,181,182,Created on 2017-10-20 11:21,Naos.Database.MessageBus.Hangfire.Harness,True,2017-10-21T15:15:12.993+00:00,True,False,,,162,False,1.1.153-newcaandscriptinglog
Naos Project,2017-10-20T18:21:55.663Z,122,182,Created on 2017-10-20 11:21,Naos.Database.Migrator.Console,True,2017-12-19T14:45:20.59+00:00,True,False,,,6117,False,1.1.153-newcaandscriptinglog
Naos Project,2017-10-20T18:22:09.803Z,181,182,Created on 2017-10-20 11:21,Naos.Database.MessageBus.Contract,True,2017-10-21T15:14:32.57+00:00,True,False,,,14499,False,1.1.153-newcaandscriptinglog
Naos Project,2017-10-20T18:22:38.27Z,181,182,Created on 2017-10-20 11:21,Naos.Database.Contract,True,2017-10-21T15:15:00.447+00:00,True,False,,,7922,False,1.1.153-newcaandscriptinglog
Naos Project,2017-10-20T18:21:41.79Z,122,182,Created on 2017-10-20 11:21,Naos.Database.Migrator,True,2017-12-19T14:45:05.017+00:00,True,False,,,19231,False,1.1.153-newcaandscriptinglog
Naos Project,2017-10-20T18:21:25.67Z,181,182,Created on 2017-10-20 11:21,Naos.Database.Tools,True,2017-10-21T15:13:48.51+00:00,True,False,,,17894,False,1.1.153-newcaandscriptinglog
Naos Project,2017-10-20T18:22:24.99Z,122,182,Created on 2017-10-20 11:21,Naos.Database.MessageBus.Handler,True,2017-12-19T14:45:52.647+00:00,True,False,,,13471,False,1.1.153-newcaandscriptinglog
ViridRaven,2017-10-20T18:08:56.1Z,139,182,This project is inspired by Ensure.That developed by Daniel Wertheim. The purpose of this library is to allow  common validation checks to be easily made.,Ensure.Core,True,2017-12-02T11:10:08.113+00:00,True,False,,"ensure,validation,check",484,False,0.0.2-alpha1
RG,2017-10-20T18:10:29.04Z,45,182,My package description.,ng-messagebus-dev,False,2018-03-06T11:28:04.18+00:00,True,False,,,253,False,1.2.5
ViridRaven,2017-10-20T18:08:56.1Z,139,182,This project is inspired by Ensure.That developed by Daniel Wertheim. The purpose of this library is to allow  common validation checks to be easily made.,Ensure.Core,True,2017-12-02T11:10:08.113+00:00,True,False,,"ensure,validation,check",484,False,0.0.2-alpha1
"Sam Saffron,Johan Danforth",2017-10-20T18:06:15.123Z,182,182,Dapper; installed as code that compiles into your project instead of an assembly dependency.,Naos.Recipes.Dapper.Contrib,False,2017-10-20T18:06:15.123+00:00,True,False,,"orm,sql,micro-orm,recipe",515,False,1.42.0.3
Alexey Galkin,2017-10-20T18:06:24.873Z,178,182,An app for Seq (http://getseq.net) that forwards messages to Discord.,Seq.App.Discord,False,2017-10-24T10:41:01.603+00:00,True,False,,"seq-app,seq,serilog,event,discord",415,False,0.2.1
"Microsoft Corporation,OneDrive/SharePoint Security",2017-10-20T18:05:03.7Z,158,182,Krabs ETW provides a modern C++ wrapper around the low-level ETW trace consumption functions,krabsetw,False,2017-11-13T19:09:00.003+00:00,True,False,Krabs ETW provides a modern C++ wrapper around the low-level ETW trace consumption functions,"ETW,krabs,krabsetw,native,headers,cpp",1277,False,1.0.9
"Sam Saffron,Marc Gravell,Nick Craver",2017-10-20T18:04:25.127Z,182,182,Dapper; installed as code that compiles into your project instead of an assembly dependency.,Naos.Recipes.Dapper,False,2017-10-20T18:04:25.127+00:00,True,False,,"orm,sql,micro-orm,recipe",955,False,1.42.0.2
"Microsoft Corporation,OneDrive/SharePoint Security",2017-10-20T18:04:14.52Z,158,182,"O365.Security.Native.ETW Debug is a managed wrapper around the krabsetw ETW library. Also known as ""Lobsters."" This is the Debug build.",O365.Security.Native.ETW.Debug,False,2017-11-13T19:08:40.913+00:00,True,False,"O365.Security.Native.ETW Debug is a managed wrapper around the krabsetw ETW library. Also known as ""Lobsters."" This is the Debug build.","ETW,krabs,lobsters,managed,cppcli",1126,False,1.0.9
"Microsoft Corporation,OneDrive/SharePoint Security",2017-10-20T18:04:38.67Z,158,182,"O365.Security.Native.ETW is a managed wrapper around the krabsetw ETW library. Also known as ""Lobsters.""",O365.Security.Native.ETW,False,2017-11-13T19:08:15.67+00:00,True,False,"O365.Security.Native.ETW is a managed wrapper around the krabsetw ETW library. Also known as ""Lobsters.""","ETW,krabs,lobsters,managed,cppcli",3168,False,1.0.9
"Unicode,Inc. and others",2017-10-20T17:59:27.41Z,171,182,"ICU is a mature, widely used set of C/C++ and Java libraries providing Unicode and Globalization support for software applications. ICU is widely portable and gives applications the same results on all platforms and between C/C++ and Java software. This is a NuGet package of ICU built with/for Visual Studio 2015.",icu4c.v140,False,2017-10-31T19:15:34.92+00:00,True,False,"ICU is a mature, widely used set of C/C++ and Java libraries providing Unicode and Globalization support for software applications. ICU is widely portable and gives applications the same results on all platforms and between C/C++ and Java software.","native,nativepackage,icu,icu4c,unicode,vs2015,v140,2015",347,False,59.1.0
"Unicode,Inc. and others",2017-10-20T18:01:01.927Z,171,182,"Redistributable components for package 'icu4c.v140'. This package should only be installed as a dependency. 
(This is not the package you are looking for).",icu4c.v140.redist,False,2017-10-31T19:17:27.8+00:00,True,False,Redistributable components for for package 'icu4c.v140',"native,nativepackage,icu,icu4c,unicode,vs2015,v140,2015",345,False,59.1.0
"Unicode,Inc. and others",2017-10-20T18:01:01.927Z,171,182,"Redistributable components for package 'icu4c.v140'. This package should only be installed as a dependency. 
(This is not the package you are looking for).",icu4c.v140.redist,False,2017-10-31T19:17:27.8+00:00,True,False,Redistributable components for for package 'icu4c.v140',"native,nativepackage,icu,icu4c,unicode,vs2015,v140,2015",345,False,59.1.0
Ruslan Balanukhin,2017-10-20T18:01:43.933Z,182,182,OpenNISharp2 is a managed library for .NET/Mono.,OpenNISharp2,False,2017-10-20T18:28:26.587+00:00,True,False,,OpenNI2,119,False,2.2.0
"Unicode,Inc. and others",2017-10-20T17:59:27.41Z,171,182,"ICU is a mature, widely used set of C/C++ and Java libraries providing Unicode and Globalization support for software applications. ICU is widely portable and gives applications the same results on all platforms and between C/C++ and Java software. This is a NuGet package of ICU built with/for Visual Studio 2015.",icu4c.v140,False,2017-10-31T19:15:34.92+00:00,True,False,"ICU is a mature, widely used set of C/C++ and Java libraries providing Unicode and Globalization support for software applications. ICU is widely portable and gives applications the same results on all platforms and between C/C++ and Java software.","native,nativepackage,icu,icu4c,unicode,vs2015,v140,2015",347,False,59.1.0
Work Effects Inc.,2017-10-20T17:55:57.417Z,43209,182,Work Effects Core Platform Objects,Wfx.Platform.Core,False,1900-01-01T00:00:00+00:00,False,False,,,-1,False,0.3.1
Veli Yigit Yolcu,2017-10-20T17:53:18.277Z,26,182,"ProjectBase is a .NET toolkit for rapid application development. This project includes basic, extendible, interface oriented low level data access and utility codes. Aim of this project is to start a software project in a immediate and reliable way using database independent code interfaces and PL/SQL like transaction management.",vyigity.ProjectBase,False,2018-03-25T11:47:11.897+00:00,True,False,"ProjectBase is a .NET toolkit for rapid application development. This project includes basic, extendible, interface oriented low level data access and utility codes.","Data,Access,Layer,Utility,DAL,Veri,Erişim,Katmanı,Yazılım,Destek",1769,False,1.1.1
Work Effects Inc.,2017-10-20T17:55:57.417Z,43209,182,Work Effects Core Platform Objects,Wfx.Platform.Core,False,1900-01-01T00:00:00+00:00,False,False,,,-1,False,0.3.1
Veli Yigit Yolcu,2017-10-20T17:53:18.277Z,26,182,"ProjectBase is a .NET toolkit for rapid application development. This project includes basic, extendible, interface oriented low level data access and utility codes. Aim of this project is to start a software project in a immediate and reliable way using database independent code interfaces and PL/SQL like transaction management.",vyigity.ProjectBase,False,2018-03-25T11:47:11.897+00:00,True,False,"ProjectBase is a .NET toolkit for rapid application development. This project includes basic, extendible, interface oriented low level data access and utility codes.","Data,Access,Layer,Utility,DAL,Veri,Erişim,Katmanı,Yazılım,Destek",1769,False,1.1.1
"Xamarin,Inc.",2017-10-20T17:46:19.11Z,15,182,Pre-built themeable pages for Xamarin.Forms,Xamarin.Forms.Pages.Azure,True,2018-04-05T23:08:35.543+00:00,True,False,,,9858,True,2.5.0.19271-pre2
Phillip Sharpe,2017-10-20T17:49:37.553Z,15,182,Cake Build addon for Windows services.,Cake.Services,False,2018-04-05T18:03:10.383+00:00,True,False,Windows services addon for cake build.,"Cake,Script,Build,WindowsService",24975,False,0.3.1
Highsoft,2017-10-20T17:49:50.44Z,2,182,"Highcharts .NET allows developers to make charts using Highcharts API with the Microsoft .NET Framework (ASP.NET MVC 4+).

Official Highsoft's library.

Examples, API and documentation are available on project home page.

After 30 days trial period serial key is required.",Highsoft.Highcharts,False,2018-04-18T07:33:32.88+00:00,True,False,"Official Highsoft's library.

Examples, API and documentation are available on project home page.","chart,charts,charting,graph,graphs,plot,plots,diagram,diagrams,highcharts,highstock,visualisation,visualization,data-visualisation,data-visualization,line-chart,3d-chart,finance,web-forms,mvc",44260,False,6.0.6502.35022
Highsoft,2017-10-20T17:50:09.78Z,2,182,"Highcharts .NET allows developers to make charts using Highcharts API with the Microsoft .NET Framework (ASP.NET MVC 4+).

Official Highsoft's library.

Examples, API and documentation are available on project home page.

After 30 days trial period serial key is required.",Highsoft.Highstock,False,2018-04-18T07:33:52.863+00:00,True,False,"Official Highsoft's library.

Examples, API and documentation are available on project home page.","chart,charts,charting,graph,graphs,plot,plots,diagram,diagrams,highcharts,highstock,visualisation,visualization,data-visualisation,data-visualization,line-chart,3d-chart,finance,web-forms,mvc",37516,False,6.0.6502.35022
Xamarin Inc.,2017-10-20T17:45:13.03Z,15,182,Add support for deep linking and indexing app content using Xamarin.Forms on the Android Platform,Xamarin.Forms.AppLinks,True,2018-04-05T23:07:28.553+00:00,True,False,,"xamarin,forms,applinks,xamarinforms,xamarin.forms",42013,True,2.5.0.19271-pre2
"Xamarin,Inc.",2017-10-20T17:44:35.557Z,15,182,Maps models and renderers for Xamarin.Forms,Xamarin.Forms.Maps,True,2018-04-05T23:07:44.773+00:00,True,False,,"xamarin,forms,maps,xamarinforms,xamarinformsmaps,xamarin.forms.maps",655044,True,2.5.0.19271-pre2
Xamarin Inc.,2017-10-20T17:43:15.76Z,15,182,"Build native UIs for iOS, Android, and Windows Phone from a single, shared C# codebase",Xamarin.Forms,True,2018-04-05T23:07:12.977+00:00,True,False,,"xamarin,forms,xamarinforms,xamarin.forms",4935475,True,2.5.0.19271-pre2
"Xamarin,Inc.",2017-10-20T17:45:49.087Z,15,182,Pre-built themeable pages for Xamarin.Forms,Xamarin.Forms.Pages,True,2018-04-05T23:08:23.573+00:00,True,False,,,87288,True,2.5.0.19271-pre2
"Xamarin,Inc.",2017-10-20T17:46:19.11Z,15,182,Pre-built themeable pages for Xamarin.Forms,Xamarin.Forms.Pages.Azure,True,2018-04-05T23:08:35.543+00:00,True,False,,,9858,True,2.5.0.19271-pre2
"Xamarin,Inc.",2017-10-20T17:45:49.087Z,15,182,Pre-built themeable pages for Xamarin.Forms,Xamarin.Forms.Pages,True,2018-04-05T23:08:23.573+00:00,True,False,,,87194,True,2.5.0.19271-pre2
Alexey Galkin,2017-10-20T17:44:10.86Z,178,182,An app for Seq (http://getseq.net) that forwards messages to Discord.,Seq.App.Discord,False,2017-10-24T10:41:01.603+00:00,True,False,,"seq-app,seq,serilog,event,discord",415,False,0.2.0
Xamarin Inc.,2017-10-20T17:45:13.03Z,15,182,Add support for deep linking and indexing app content using Xamarin.Forms on the Android Platform,Xamarin.Forms.AppLinks,True,2018-04-05T23:07:28.553+00:00,True,False,,"xamarin,forms,applinks,xamarinforms,xamarin.forms",42013,True,2.5.0.19271-pre2
"Xamarin,Inc.",2017-10-20T17:44:35.557Z,15,182,Maps models and renderers for Xamarin.Forms,Xamarin.Forms.Maps,True,2018-04-05T23:07:44.773+00:00,True,False,,"xamarin,forms,maps,xamarinforms,xamarinformsmaps,xamarin.forms.maps",655534,True,2.5.0.19271-pre2
Xamarin Inc.,2017-10-20T17:43:15.76Z,15,182,"Build native UIs for iOS, Android, and Windows Phone from a single, shared C# codebase",Xamarin.Forms,True,2018-04-05T23:07:12.977+00:00,True,False,,"xamarin,forms,xamarinforms,xamarin.forms",4935475,True,2.5.0.19271-pre2
Xamarin Inc.,2017-10-20T17:37:39.217Z,15,182,Add support for deep linking and indexing app content using Xamarin.Forms on the Android Platform,Xamarin.Forms.AppLinks,False,2018-04-05T23:07:28.553+00:00,True,False,,"xamarin,forms,applinks,xamarinforms,xamarin.forms",42072,True,2.4.0.18342
"Xamarin,Inc.",2017-10-20T17:37:07.63Z,15,182,Maps models and renderers for Xamarin.Forms,Xamarin.Forms.Maps,False,2018-04-05T23:07:44.773+00:00,True,False,,"xamarin,forms,maps,xamarinforms,xamarinformsmaps,xamarin.forms.maps",655044,True,2.4.0.18342
OBeautifulCode,2017-10-20T17:38:03.723Z,182,182,Provides various convenience methods for dealing with files.,OBeautifulCode.IO.Recipes.FileHelper,False,2017-10-20T17:38:03.723+00:00,True,False,,"IO,file,filepath",440,False,1.0.20
OBeautifulCode,2017-10-20T17:37:53.993Z,182,182,Provides various convenience methods for dealing with directories.,OBeautifulCode.IO.Recipes.DirectoryHelper,False,2017-10-20T17:37:53.993+00:00,True,False,,"IO,directory",148,False,1.0.20
Neomode.Iugu.Core.Integration,2017-10-20T17:37:48.323Z,60,182,Package Description,Neomode.Iugu.Core.Integration,False,2018-02-19T14:06:27.15+00:00,True,False,,,1805,False,1.1.1.3
"Xamarin,Inc.",2017-10-20T17:38:44.2Z,15,182,Pre-built themeable pages for Xamarin.Forms,Xamarin.Forms.Pages.Azure,False,2018-04-05T23:08:35.543+00:00,True,False,,,9844,True,2.4.0.18342
"Xamarin,Inc.",2017-10-20T17:37:07.63Z,15,182,Maps models and renderers for Xamarin.Forms,Xamarin.Forms.Maps,False,2018-04-05T23:07:44.773+00:00,True,False,,"xamarin,forms,maps,xamarinforms,xamarinformsmaps,xamarin.forms.maps",655534,True,2.4.0.18342
Fabricio dos Santos Silva,2017-10-20T17:37:39.637Z,1,182,Uilitarios para aplicações asp.net core,UtilityFramework.Application.Core,False,2018-04-19T19:38:55.29+00:00,True,False,,,4964,False,1.5.2
"Xamarin,Inc.",2017-10-20T17:38:18.173Z,15,182,Pre-built themeable pages for Xamarin.Forms,Xamarin.Forms.Pages,False,2018-04-05T23:08:23.573+00:00,True,False,,,87194,True,2.4.0.18342
Xamarin Inc.,2017-10-20T17:37:39.217Z,15,182,Add support for deep linking and indexing app content using Xamarin.Forms on the Android Platform,Xamarin.Forms.AppLinks,False,2018-04-05T23:07:28.553+00:00,True,False,,"xamarin,forms,applinks,xamarinforms,xamarin.forms",42072,True,2.4.0.18342
Microsoft,2017-10-20T17:34:58.583Z,37,182,Contains targets and tools to enable the building of managed VSIX projects without VSSDK MSI installed. Only for VS 2015 and onwards.,Microsoft.VSSDK.BuildTools,False,2018-03-14T00:25:40.78+00:00,True,False,Contains targets and tools to enable the building of managed VSIX projects without VSSDK MSI installed. Only for VS 2015 and onwards.,"Microsoft,Build,Tasks,BuildTasks,Tools,BuildTools,VSSDK",737357,True,15.5.72
Microsoft,2017-10-20T17:34:58.583Z,37,182,Contains targets and tools to enable the building of managed VSIX projects without VSSDK MSI installed. Only for VS 2015 and onwards.,Microsoft.VSSDK.BuildTools,False,2018-03-14T00:25:40.78+00:00,True,False,Contains targets and tools to enable the building of managed VSIX projects without VSSDK MSI installed. Only for VS 2015 and onwards.,"Microsoft,Build,Tasks,BuildTasks,Tools,BuildTools,VSSDK",737357,True,15.5.72
Google Inc.,2017-10-20T17:34:49.29Z,4,182,C# implementation of gRPC - an RPC library and framework. See project site for more info.,Grpc,True,2018-04-16T09:10:01.113+00:00,True,False,C# implementation of gRPC - an RPC library and framework,"gRPC,RPC,Protocol,HTTP/2",192973,True,1.7.0-pre1
Google Inc.,2017-10-20T17:35:22.017Z,4,182,Package Description,Grpc.Reflection,True,2018-04-16T09:11:10.647+00:00,True,False,,"gRPC,reflection",4495,True,1.7.0-pre1
Google Inc.,2017-10-20T17:34:24.11Z,4,182,Package Description,Grpc.Auth,True,2018-04-16T09:10:13.473+00:00,True,False,,"gRPC,RPC,Protocol,HTTP/2,Auth,OAuth2",253412,True,1.7.0-pre1
Google Inc.,2017-10-20T17:33:54.443Z,4,182,"Precompiled protobuf compiler and gRPC protobuf compiler plugin for generating gRPC client/server C# code. Binaries are available for Windows, Linux and MacOS.",Grpc.Tools,True,2018-04-16T09:11:35.897+00:00,True,False,Tools for C# implementation of gRPC - an RPC library and framework,"gRPC,RPC,Protocol,HTTP/2",171307,True,1.7.0-pre1
Jericho,2017-10-20T17:32:55.68Z,38,182,Cake Build addin to provide Aliases for sending emails via SendGrid.,Cake.SendGrid,False,2018-03-13T19:07:27.337+00:00,True,False,,"Cake,Script,Build,Email,SendGrid",1948,False,0.5.0
electricessence,2017-10-20T17:28:21.27Z,106,182,"Useful set of collections, and extensions for collections with thread-safe read-write access options.

Part of the ""Open"" set of libraries.",Open.Collections,False,2018-01-04T04:17:00.79+00:00,True,False,"Useful set of collections, and extensions for collections with thread-safe read-write access options.

Part of the ""Open"" set of libraries.","dotnet,dotnet-core,dotnetcore,cs,collections,extensions,threadsafe,thread-safe,lazylist,memoize,concurrency,concurrenthashset,concurrentlist,ordereddictionary,trackedlist",1743,False,2.1.1
Xamarin Inc.,2017-10-20T17:28:10.507Z,15,182,"Build native UIs for iOS, Android, and Windows Phone from a single, shared C# codebase",Xamarin.Forms,False,2018-04-05T23:07:12.977+00:00,True,False,,"xamarin,forms,xamarinforms,xamarin.forms",4935475,True,2.4.0.18342
Alexey Galkin,2017-10-20T17:30:33.043Z,178,182,An app for Seq (http://getseq.net) that forwards messages to HipChat.,Seq.App.Discord,False,2017-10-24T10:41:01.603+00:00,True,False,,"seq-app,seq,serilog,event,discord",415,False,0.1.1
Google Inc.,2017-10-20T17:29:59.977Z,4,182,Package Description,Grpc.Core.Testing,True,2018-04-16T09:10:45.897+00:00,True,False,,"gRPC,test,testing",2672,True,1.7.0-pre1
Google Inc.,2017-10-20T17:30:31.793Z,4,182,Package Description,Grpc.HealthCheck,True,2018-04-16T09:10:58.3+00:00,True,False,,"gRPC,health,check",10498,True,1.7.0-pre1
Joe Audette,2017-10-20T17:30:02.053Z,110,182,an ASP.NET Core viewcomponent for menus and breadcrumbs,cloudscribe.Web.Navigation,False,2017-12-31T15:02:21.933+00:00,True,False,,"cloudscribe,asp.net,core,mvcsitemapprovider,navigation,menus,breadcrumbs,bootstrap",24636,False,2.0.6
Vantiv eCommerce,2017-10-20T17:31:03.02Z,8,182,.NET implementation of Vantiv eCommerce XML spec,Vantiv.LitleSdkForNet,False,2018-04-12T14:38:24.487+00:00,True,False,.NET implementation of Vantiv eCommerce XML spec,,6523,False,9.12.5
Johan Larsson,2017-10-20T17:18:43.787Z,1,182,Asserts for testing Roslyn analyzers and code fixes.,Gu.Roslyn.Asserts,False,2018-04-19T16:43:11.48+00:00,False,False,,"Roslyn,Diagnostic,Analyzer,Test",6892,False,0.4.0
Google Inc.,2017-10-20T17:28:43.777Z,4,182,Package Description,Grpc.Core,True,2018-04-16T09:10:33.707+00:00,True,False,,"gRPC,RPC,Protocol,HTTP/2",548134,True,1.7.0-pre1
James Montemagno,2017-10-20T17:29:10.94Z,119,182,"Receive information about the device that you are using. Properties such as Model, Operatin System, Version, Id, and even the ability to generate a unique Id for your application based off of these properties.",Xam.Plugin.DeviceInfo,True,2017-12-22T19:03:05.477+00:00,True,False,"Get device information such as Model, OS, and other properties.","xamarin,pcl,xam.pcl,settings,windows,phone,winphone,wp8,winrt,android,xamarin.forms,ios",250689,False,3.0.2.43-beta
electricessence,2017-10-20T17:28:21.27Z,106,182,"Useful set of collections, and extensions for collections with thread-safe read-write access options.

Part of the ""Open"" set of libraries.",Open.Collections,False,2018-01-04T04:17:00.79+00:00,True,False,,"dotnet,dotnet-core,dotnetcore,cs,collections,extensions,threadsafe,thread-safe,lazylist,memoize,concurrency,concurrenthashset,concurrentlist,ordereddictionary,trackedlist",1743,False,2.1.1
Xamarin Inc.,2017-10-20T17:28:10.507Z,15,182,"Build native UIs for iOS, Android, and Windows Phone from a single, shared C# codebase",Xamarin.Forms,False,2018-04-05T23:07:12.977+00:00,True,False,,"xamarin,forms,xamarinforms,xamarin.forms",4930921,True,2.4.0.18342
Johan Larsson,2017-10-20T17:18:43.787Z,1,182,Asserts for testing Roslyn analyzers and code fixes.,Gu.Roslyn.Asserts,False,2018-04-19T16:43:11.48+00:00,True,False,,"Roslyn,Diagnostic,Analyzer,Test",6892,False,0.4.0
tom-englert,2017-10-20T17:12:45.957Z,12,182,"Generate the Equals, GetHashCode and operators methods from properties or fields decorated with the [Equals] Attribute.",Equatable.Fody,True,2018-04-08T13:39:37.843+00:00,True,False,,"ILWeaving,Fody,Cecil,Equals,Equality,IEquality,GetHashCode",512,False,0.9.2-beta
Valeriy Katkov,2017-10-20T16:17:11.153Z,43209,182,openssl library,SafeChats.openssl,True,1900-01-01T00:00:00+00:00,False,False,,,290,False,1.1.0-f
VMI134408$,2017-10-20T17:10:04.523Z,182,182,Description,int-Soft.NetCore,True,2017-10-20T17:10:04.523+00:00,True,False,,,538,False,1.0.0-ci-20171020-170852
VMI134408$,2017-10-20T17:09:22.57Z,182,182,Description,int-Soft.DAL,True,2017-10-20T17:09:22.57+00:00,True,False,,,4880,False,1.0.0-ci-20171020-170848
VMI134408$,2017-10-20T17:09:37.697Z,182,182,Description,int-Soft.MVC.Core,True,2017-10-20T17:09:37.697+00:00,True,False,,,4882,False,1.0.0-ci-20171020-170904
VMI134408$,2017-10-20T17:09:52.163Z,182,182,Description,int-Soft.MVC.Scripts,True,2017-10-20T17:09:52.163+00:00,True,False,,,4363,False,1.0.0-ci-20171020-170855
Kevin Gliewe,2017-10-20T17:03:59.323Z,28,182,Useful C# Stuff for .NET Core 2.0,GCore,False,2018-03-23T02:12:43.67+00:00,True,False,,,380,False,1.0.3
Ruben Buniatyan,2017-10-20T17:02:57.277Z,182,182,Some missing stuff for Xamarin.iOS,MissinKit,True,2017-10-20T17:02:57.277+00:00,True,False,,"Xamarin,Xamarin.iOS,Stringsdict,Pluralization,Reachability,Navigation,Drawer",1707,False,1.5.0-beta2
Niklas Wendel,2017-10-20T17:07:05.98Z,58,182,FluentRegistration,FluentRegistration,False,2018-02-21T19:15:30.037+00:00,True,False,,"Dependency,Injection,Fluent,Registration,DI,Assembly,Scanning,Conventions",10529,False,2.4.1
marklio,2017-10-20T17:07:14.26Z,22,182,Allows low-level exploration of PE and metadata constructs.,Marklio.Metadata,True,2018-03-29T23:57:59.41+00:00,True,False,,,2442,False,1.1.6-beta
Kevin Gliewe,2017-10-20T17:03:59.323Z,28,182,Useful C# Stuff for .NET Core 2.0,GCore,False,2018-03-23T02:12:43.67+00:00,True,False,,,380,False,1.0.3
Ruben Buniatyan,2017-10-20T17:02:57.277Z,182,182,Some missing stuff for Xamarin.iOS,MissinKit,True,2017-10-20T17:02:57.277+00:00,True,False,,"Xamarin,Xamarin.iOS,Stringsdict,Pluralization,Reachability,Navigation,Drawer",1707,False,1.5.0-beta2
electricessence,2017-10-20T16:57:45.453Z,106,182,"Useful set of collections, and extensions for collections with thread-safe read-write access options.

Part of the ""Open"" set of libraries.",Open.Collections,False,2018-01-04T04:17:00.79+00:00,True,False,"Useful set of collections, and extensions for collections with thread-safe read-write access options.

Part of the ""Open"" set of libraries.","dotnet,dotnet-core,dotnetcore,cs,collections,extensions,threadsafe,thread-safe,lazylist,memoize,concurrency,concurrenthashset,concurrentlist,ordereddictionary,trackedlist",1743,False,2.1.0
Valeriy Katkov,2017-10-20T17:02:00.67Z,43209,182,OpenSSL Version 1.1.0f,SafeChats.openssl,False,1900-01-01T00:00:00+00:00,False,False,,,290,False,1.0.1
Daniel Häfele,2017-10-20T16:58:00.093Z,60,182,Makes my life with uwp projects easier.,UwCore,False,2018-02-19T21:46:56.99+00:00,True,False,,,11440,False,0.1.96
Klee Group,2017-10-20T16:51:10.557Z,182,182,Kinetix Workflow Module,Kinetix.Workflow,False,2017-10-20T16:51:10.557+00:00,True,False,,"Kinetix,Workflow",5510,False,1.0.0
buildguest,2017-10-20T16:55:44.94Z,182,182,Description,int-Soft.DAL,True,2017-10-20T17:09:22.57+00:00,True,False,,,4880,False,1.0.0-ci-20171020-165525
buildguest,2017-10-20T16:55:58.567Z,182,182,Description,int-Soft.MVC.Core,True,2017-10-20T17:09:37.697+00:00,True,False,,,4882,False,1.0.0-ci-20171020-165533
electricessence,2017-10-20T16:57:45.453Z,106,182,"Useful set of collections, and extensions for collections with thread-safe read-write access options.

Part of the ""Open"" set of libraries.",Open.Collections,False,2018-01-04T04:17:00.79+00:00,True,False,,"dotnet,dotnet-core,dotnetcore,cs,collections,extensions,threadsafe,thread-safe,lazylist,memoize,concurrency,concurrenthashset,concurrentlist,ordereddictionary,trackedlist",1743,False,2.1.0
buildguest,2017-10-20T16:56:12.737Z,182,182,Description,int-Soft.MVC.Scripts,True,2017-10-20T17:09:52.163+00:00,True,False,,,4363,False,1.0.0-ci-20171020-165530
buildguest,2017-10-20T16:56:25.173Z,182,182,Description,int-Soft.NetCore,True,2017-10-20T17:10:04.523+00:00,True,False,,,538,False,1.0.0-ci-20171020-165527
"andysal,mastreeno",2017-10-20T16:47:27.187Z,182,182,A Rebus-powered event dispatcher for MementoFX,MementoFX.Messaging.Rebus,True,2017-10-20T16:47:27.187+00:00,False,False,,"mementofx,memento,rebus,bus,cqrs,ddd",1870,False,2.0.0-pre1
"andysal,mastreeno",2017-10-20T16:48:16.59Z,178,182,A MongoDB powered event store for MementoFX,MementoFX.Persistence.MongoDB,True,2017-10-24T08:59:16.61+00:00,False,False,,"mementofx,memento,mongodb,event,store,cqrs,ddd",2484,False,2.0.0-pre1
Klee Group,2017-10-20T16:49:57.307Z,179,182,Kinetix ServiceModel Module,Kinetix.ServiceModel,False,2017-10-23T15:15:46.59+00:00,True,False,,"Kinetix,ServiceModel",379,False,1.0.0
Klee Group,2017-10-20T16:46:24.797Z,182,182,Kinetix Rules Module,Kinetix.Rules,False,2017-10-20T16:46:24.797+00:00,True,False,,"Kinetix,Rules",3106,False,1.0.0
"andysal,mastreeno",2017-10-20T16:46:11.75Z,182,182,An application framework supporting the development of time travelling applications,MementoFX,True,2017-10-20T16:46:11.75+00:00,False,False,,"mementofx,persistence,in-memory,cqrs,eventsourcing",4469,False,2.0.0-pre5
Klee Group,2017-10-20T16:50:41.447Z,182,182,Kinetix Worker Module,Kinetix.Worker,False,2017-10-20T16:50:41.447+00:00,True,False,,"Kinetix,Worker",264,False,1.0.0
Klee Group,2017-10-20T16:48:56.183Z,182,182,Kinetix Security Module,Kinetix.Security,False,2017-10-20T16:48:56.183+00:00,True,False,,"Kinetix,Security",279,False,1.0.0
Klee Group,2017-10-20T16:46:58.28Z,74,182,Kinetix Search Module,Kinetix.Search,False,2018-02-05T18:47:12.647+00:00,True,False,,"Kinetix,Search",352,False,1.0.0
Klee Group,2017-10-20T16:50:41.447Z,182,182,Kinetix Worker Module,Kinetix.Worker,False,2017-10-20T16:50:41.447+00:00,True,False,,"Kinetix,Worker",264,False,1.0.0
Administrator,2017-10-20T16:50:10.197Z,182,182,LessJie.simple-line-icons,LessJie.simple-line-icons,False,2017-10-20T16:50:10.197+00:00,True,False,,,154,False,1.0.0
Klee Group,2017-10-20T16:51:10.557Z,182,182,Kinetix Workflow Module,Kinetix.Workflow,False,2017-10-20T16:51:10.557+00:00,True,False,,"Kinetix,Workflow",5510,False,1.0.0
Klee Group,2017-10-20T16:49:57.307Z,179,182,Kinetix ServiceModel Module,Kinetix.ServiceModel,False,2017-10-23T15:15:46.59+00:00,True,False,,"Kinetix,ServiceModel",379,False,1.0.0
"andysal,mastreeno",2017-10-20T16:48:16.59Z,178,182,A MongoDB powered event store for MementoFX,MementoFX.Persistence.MongoDB,True,2017-10-24T08:59:16.61+00:00,False,False,,"mementofx,memento,mongodb,event,store,cqrs,ddd",2484,False,2.0.0-pre1
"andysal,mastreeno",2017-10-20T16:47:27.187Z,182,182,A Rebus-powered event dispatcher for MementoFX,MementoFX.Messaging.Rebus,True,2017-10-20T16:47:27.187+00:00,False,False,,"mementofx,memento,rebus,bus,cqrs,ddd",1869,False,2.0.0-pre1
"andysal,mastreeno",2017-10-20T16:47:27.187Z,182,182,A Rebus-powered event dispatcher for MementoFX,MementoFX.Messaging.Rebus,True,2017-10-20T16:47:27.187+00:00,False,False,,"mementofx,memento,rebus,bus,cqrs,ddd",1870,False,2.0.0-pre1
buildguest,2017-10-20T16:48:04.387Z,182,182,Description,int-Soft.MVC.Core,True,2017-10-20T17:09:37.697+00:00,True,False,,,4882,False,1.0.0-ci-20171020-164740
buildguest,2017-10-20T16:48:16.42Z,182,182,Description,int-Soft.MVC.Scripts,True,2017-10-20T17:09:52.163+00:00,True,False,,,4363,False,1.0.0-ci-20171020-164737
Klee Group,2017-10-20T16:46:58.28Z,74,182,Kinetix Search Module,Kinetix.Search,False,2018-02-05T18:47:12.647+00:00,True,False,,"Kinetix,Search",352,False,1.0.0
Klee Group,2017-10-20T16:47:26.09Z,182,182,Description,Kinetix.SearchV3,False,2017-10-20T16:47:26.09+00:00,True,False,,,67,False,1.0.0
"andysal,mastreeno",2017-10-20T16:48:16.59Z,178,182,A MongoDB powered event store for MementoFX,MementoFX.Persistence.MongoDB,True,2017-10-24T08:59:16.61+00:00,False,False,,"mementofx,memento,mongodb,event,store,cqrs,ddd",2484,False,2.0.0-pre1
buildguest,2017-10-20T16:47:52.48Z,182,182,Description,int-Soft.DAL,True,2017-10-20T17:09:22.57+00:00,True,False,,,4880,False,1.0.0-ci-20171020-164732
Klee Group,2017-10-20T16:48:56.183Z,182,182,Kinetix Security Module,Kinetix.Security,False,2017-10-20T16:48:56.183+00:00,True,False,,"Kinetix,Security",279,False,1.0.0
buildguest,2017-10-20T16:48:26.963Z,182,182,Description,int-Soft.NetCore,True,2017-10-20T17:10:04.523+00:00,True,False,,,538,False,1.0.0-ci-20171020-164735
Klee Group,2017-10-20T16:44:47.423Z,182,182,Kinetix Monitoring Module,Kinetix.Monitoring,False,2017-10-20T16:44:47.423+00:00,True,False,,"Kinetix,Monitoring",281,False,1.0.0
Klee Group,2017-10-20T16:43:40.363Z,182,182,Kinetix Connectors Module,Kinetix.Connectors,False,2017-10-20T16:43:40.363+00:00,True,False,,"Kinetix,Connectors",232,False,1.0.0
Klee Group,2017-10-20T16:41:56.727Z,182,182,Kinetix Caching Module,Kinetix.Caching,False,2017-10-20T16:41:56.727+00:00,True,False,,"Kinetix,Caching",285,False,1.0.0
Klee Group,2017-10-20T16:41:20.587Z,182,182,Kinetix Broker Module,Kinetix.Broker,False,2017-10-20T16:41:20.587+00:00,True,False,,"Kinetix,Broker",548,False,1.0.0
"andysal,mastreeno",2017-10-20T16:46:11.75Z,182,182,An application framework supporting the development of time travelling applications,MementoFX,True,2017-10-20T16:46:11.75+00:00,False,False,,"mementofx,persistence,in-memory,cqrs,event,sourcing",4470,False,2.0.0-pre5
Klee Group,2017-10-20T16:44:09.893Z,179,182,Kinetix Data SQL Module,Kinetix.Data.SqlClient,False,2017-10-23T16:38:56.66+00:00,True,False,,"Kinetix,Data,SQL",474,False,1.0.0
Klee Group,2017-10-20T16:45:54.187Z,182,182,Kinetix Reporting Module,Kinetix.Reporting,False,2017-10-20T16:45:54.187+00:00,True,False,,"Kinetix,Reporting",272,False,1.0.0
Klee Group,2017-10-20T16:42:32.63Z,179,182,Kinetix ComponentModel Module,Kinetix.ComponentModel,False,2017-10-23T15:14:49.33+00:00,True,False,,"Kinetix,ComponentModel",410,False,1.0.0
Klee Group,2017-10-20T16:43:01.63Z,182,182,Kinetix Configuration Module,Kinetix.Configuration,False,2017-10-20T16:43:01.63+00:00,True,False,,"Kinetix,Configuration",274,False,1.0.0
Klee Group,2017-10-20T16:45:54.187Z,182,182,Kinetix Reporting Module,Kinetix.Reporting,False,2017-10-20T16:45:54.187+00:00,True,False,,"Kinetix,Reporting",272,False,1.0.0
Klee Group,2017-10-20T16:44:09.893Z,179,182,Kinetix Data SQL Module,Kinetix.Data.SqlClient,False,2017-10-23T16:38:56.66+00:00,True,False,,"Kinetix,Data,SQL",474,False,1.0.0
Klee Group,2017-10-20T16:45:16.72Z,182,182,Description,Kinetix.Notifications,False,2017-10-20T16:45:16.72+00:00,True,False,,,62,False,1.0.0
Administrator,2017-10-20T16:44:56.25Z,182,182,LessJie.jquery-ui,LessJie.jquery-ui,False,2017-10-20T16:44:56.25+00:00,True,False,,,83,False,1.11.2
Klee Group,2017-10-20T16:44:47.423Z,182,182,Kinetix Monitoring Module,Kinetix.Monitoring,False,2017-10-20T16:44:47.423+00:00,True,False,,"Kinetix,Monitoring",281,False,1.0.0
Klee Group,2017-10-20T16:46:24.797Z,182,182,Kinetix Rules Module,Kinetix.Rules,False,2017-10-20T16:46:24.797+00:00,True,False,,"Kinetix,Rules",3106,False,1.0.0
"andysal,mastreeno",2017-10-20T16:46:11.75Z,182,182,An application framework supporting the development of time travelling applications,MementoFX,True,2017-10-20T16:46:11.75+00:00,False,False,,"mementofx,persistence,in-memory,cqrs,event,sourcing",4470,False,2.0.0-pre5
Klee Group,2017-10-20T16:42:32.63Z,179,182,Kinetix ComponentModel Module,Kinetix.ComponentModel,False,2017-10-23T15:14:49.33+00:00,True,False,,"Kinetix,ComponentModel",410,False,1.0.0
Klee Group,2017-10-20T16:41:56.727Z,182,182,Kinetix Caching Module,Kinetix.Caching,False,2017-10-20T16:41:56.727+00:00,True,False,,"Kinetix,Caching",285,False,1.0.0
Klee Group,2017-10-20T16:43:40.363Z,182,182,Kinetix Connectors Module,Kinetix.Connectors,False,2017-10-20T16:43:40.363+00:00,True,False,,"Kinetix,Connectors",232,False,1.0.0
Klee Group,2017-10-20T16:43:01.63Z,182,182,Kinetix Configuration Module,Kinetix.Configuration,False,2017-10-20T16:43:01.63+00:00,True,False,,"Kinetix,Configuration",274,False,1.0.0
Klee Group,2017-10-20T16:41:20.587Z,182,182,Kinetix Broker Module,Kinetix.Broker,False,2017-10-20T16:41:20.587+00:00,True,False,,"Kinetix,Broker",548,False,1.0.0
Klee Group,2017-10-20T16:40:46.697Z,182,182,Kinetix Audit Module,Kinetix.Audit,False,2017-10-20T16:40:46.697+00:00,True,False,,"Kinetix,Audit",966,False,1.0.1
"Dox Sweden AB,Jovan Paskota",2017-10-20T16:37:22.86Z,14,182,Api Builder for Dox,Dox.Core.ApiBuilder,False,2018-04-06T12:14:14.757+00:00,True,False,,"Dox,API,Builder,https://api.dox.se",4760,False,2.2.14
Klee Group,2017-10-20T16:38:42.277Z,182,182,Kinetix Account Module,Kinetix.Account,False,2017-10-20T16:38:42.277+00:00,True,False,,"Kinetix,Account",909,False,1.0.1
Agile Harbor,2017-10-20T16:40:35.26Z,137,182,ChannelAdvisor webservices API wrapper.,ChannelAdvisorAccess,False,2017-12-04T09:13:51.51+00:00,True,False,ChannelAdvisor webservices API wrapper.,ChannelAdvisor,10711,False,7.1.31
Klee Group,2017-10-20T16:38:42.277Z,182,182,Kinetix Account Module,Kinetix.Account,False,2017-10-20T16:38:42.277+00:00,True,False,,"Kinetix,Account",909,False,1.0.1
Klee Group,2017-10-20T16:40:46.697Z,182,182,Kinetix Audit Module,Kinetix.Audit,False,2017-10-20T16:40:46.697+00:00,True,False,,"Kinetix,Audit",966,False,1.0.1
Joshua Honig,2017-10-20T16:30:54.01Z,182,182,Ockham.Net unit testing utilities,Ockham.Test,True,2017-10-20T20:43:38.633+00:00,True,False,,"ockham,test",119,False,0.1.0-alpha
"Dox Sweden AB,Jovan Paskota",2017-10-20T16:37:22.86Z,14,182,Api Builder for Dox,Dox.Core.ApiBuilder,False,2018-04-06T12:14:14.757+00:00,True,False,,"Dox,API,Builder,https://api.dox.se",4760,False,2.2.14
"Dox Sweden AB,Jovan Paskota",2017-10-20T16:29:29.233Z,14,182,Api Builder for Dox,Dox.Core.ApiBuilder,False,2018-04-06T12:14:14.757+00:00,True,False,,"Dox,API,Builder,https://api.dox.se",4760,False,2.2.13
Colt Alan Bauman,2017-10-20T16:30:50.887Z,180,182,Reactive extension wrappers for Xamarin's Firebase Database package (iOS and Android).,GameCtor.Firebase.Database.Rx,False,2017-10-22T18:14:43.26+00:00,True,False,,"Reactive,Rx,Firebase,Database,Xamarin",175,False,1.0.0
OneFlow Systems Ltd,2017-10-20T16:31:59.133Z,57,182,Enables you to quickly build a custom worker that can integrate with the Workforce platform,Workforce.Worker.Sdk,False,2018-02-22T15:42:15.033+00:00,True,False,The offical SDK for building Workforce workers,"oneflow,workforce,worker",1401,False,1.0.50
Valeriy Katkov,2017-10-20T16:32:27.243Z,43209,182,OpenSSL Version 1.1.0f,SafeChats.openssl,False,1900-01-01T00:00:00+00:00,False,False,,,290,False,1.0.0
Colt Alan Bauman,2017-10-20T16:30:50.887Z,180,182,Reactive extension wrappers for Xamarin's Firebase Database package (iOS and Android).,GameCtor.Firebase.Database.Rx,False,2017-10-22T18:14:43.26+00:00,True,False,,"Reactive,Rx,Firebase,Database,Xamarin",175,False,1.0.0
Joshua Honig,2017-10-20T16:30:54.01Z,182,182,Ockham.Net unit testing utilities,Ockham.Test,True,2017-10-20T20:43:38.633+00:00,True,False,,"ockham,test",119,False,0.1.0-alpha
"Dox Sweden AB,Jovan Paskota",2017-10-20T16:29:29.233Z,14,182,Api Builder for Dox,Dox.Core.ApiBuilder,False,2018-04-06T12:14:14.757+00:00,True,False,,"Dox,API,Builder,https://api.dox.se",4760,False,2.2.13
BruceBayne,2017-10-20T16:26:52.363Z,3,182,Another .NET framework,Friday.Base,False,2018-04-17T15:41:56.833+00:00,True,False,,,2251,False,1.0.6
darvit,2017-10-20T16:27:13.41Z,75,182,DAL,Erden.Dal,True,2018-02-04T12:00:08.133+00:00,True,False,,dal,663,False,1.0.0-rc2
Valeriy Katkov,2017-10-20T16:17:11.153Z,43209,182,openssl library,SafeChats.openssl,True,1900-01-01T00:00:00+00:00,False,False,,,290,False,1.1.0-f
Niklas Wendel,2017-10-20T16:22:23.593Z,58,182,FluentRegistration,FluentRegistration,False,2018-02-21T19:15:30.037+00:00,True,False,,"Dependency,Injection,Fluent,Registration,DI,Assembly,Scanning,Conventions",10529,False,2.4.0
Pedro Fonseca,2017-10-20T16:21:42.14Z,43209,182,Core framework ADSPrev IdentityServer,ADSPrev.Core.Framework.IdentityServer,True,1900-01-01T00:00:00+00:00,False,False,,"Core,framework,ADSPrev,IdentityServer",-1,False,1.2.1-rc
Martin Cook,2017-10-18T00:06:27.03Z,43209,184,This package contains a LINQ adapter for the CG.Configuration package.,CG.Configuration.Linq,True,1900-01-01T00:00:00+00:00,False,False,,"configuration,linq,CG.Configuration,CG.Linq,CodeGator",-1,False,0.2017.11-alpha
Martin Cook,2017-10-20T16:18:54.773Z,43209,182,This package contains a LINQ adapter for the CG.Configuration package.,CG.Configuration.Linq,True,1900-01-01T00:00:00+00:00,False,False,,"configuration,linq,CG.Configuration,CG.Linq,CodeGator",-1,False,0.2017.12-alpha
Pedro Fonseca,2017-10-20T16:21:02.143Z,43209,182,Core framework ADSPrev,ADSPrev.Core.Framework,True,1900-01-01T00:00:00+00:00,False,False,,"ADSPrev,Framework,Core",-1,False,1.2.1-rc
Valeriy Katkov,2017-10-20T16:17:11.153Z,43209,182,openssl library,SafeChats.openssl,True,1900-01-01T00:00:00+00:00,False,False,,,290,False,1.1.0-f
Valeriy Katkov,2017-10-20T16:17:11.153Z,43209,182,openssl library,SafeChats.openssl,True,1900-01-01T00:00:00+00:00,False,False,,,290,False,1.1.0-f
Work Effects Inc.,2017-10-20T16:15:22.91Z,43209,182,Work Effects Redis Session Cache,Wfx.Platform.Session.Redis,False,1900-01-01T00:00:00+00:00,False,False,,,-1,False,0.1.3
Work Effects Inc.,2017-10-20T16:15:22.91Z,43209,182,Work Effects Redis Session Cache,Wfx.Platform.Session.Redis,False,1900-01-01T00:00:00+00:00,False,False,,,-1,False,0.1.3
Anduin,2017-10-20T16:13:20.29Z,182,182,"The base class, interfaces and services for Aiursoft web apps.",AiursoftBase,False,2017-10-20T16:13:20.29+00:00,True,False,,,318,False,0.0.4
Martin Cook,2017-10-10T00:25:52.62Z,43209,192,This package contains library for building console based windows services,CG.ServiceProcess,True,1900-01-01T00:00:00+00:00,False,False,,"console,service,CG.ServiceProcess,CodeGator",2560,False,0.2017.9-alpha
BruceBayne,2017-10-20T16:11:54.963Z,3,182,Another .NET framework,Friday.Base,False,2018-04-17T15:41:56.833+00:00,True,False,,,2251,False,1.0.5
Martin Cook,2017-10-20T16:10:46.39Z,43209,182,This package contains library for building console based windows services,CG.ServiceProcess,True,1900-01-01T00:00:00+00:00,False,False,,"console,service,CG.ServiceProcess,CodeGator",2560,False,0.2017.10-alpha
Martin Cook,2017-10-12T23:45:44.433Z,43209,190,This package contains a SqlServer EntityFramework provider for the CG.Linq package.,CG.Linq.SqlServer,True,1900-01-01T00:00:00+00:00,False,False,,"SQLServer,Entity,EntityFramework,Context,Unit,Of,Work,CodeGator",-1,False,0.2017.15-alpha
Daniel Luberda,2017-10-20T16:08:36.32Z,22,182,Xamarin.Forms SVG support for FFImageLoading library.,Xamarin.FFImageLoading.Svg.Forms,True,2018-03-29T13:48:21.427+00:00,True,False,Xamarin.Forms SVG support for FFImageLoading.,"xamarin,android,ios,windows,mac,bitmap,image,svg",73536,False,2.2.21-pre-580
Daniel Luberda,2017-10-20T16:08:25.023Z,22,182,SVG support for FFImageLoading library.,Xamarin.FFImageLoading.Svg,True,2018-03-29T13:48:10.38+00:00,True,False,Xamarin SVG support for FFImageLoading.,"xamarin,android,ios,bitmap,image,svg",88192,False,2.2.21-pre-580
"Daniel Luberda,Molinet Fabien",2017-10-20T16:08:49.803Z,22,182,"Transformations for FFImageLoading library.

- BlurredTransformation
- CircleTransformation, RoundedTransformation, CornersTransformation, CropTransformation
- ColorSpaceTransformation, GrayscaleTransformation, SepiaTransformation, TintTransformation
- FlipTransformation, RotateTransformation
- Supports custom transformations (native platform `ITransformation` implementations)

These transformations can be consumed from FFImageLoading and FFImageLoading.Forms (Xamarin Forms).
Don't forget to add the package in all platform specific projects. This way the correct native implementation is injected.",Xamarin.FFImageLoading.Transformations,True,2018-03-29T13:48:34.49+00:00,True,False,Xamarin image transformations for FFImageLoading.,"xamarin,android,ios,mac,windows,bitmap,image,webp,transformation,blur,round,circle,effects,corners",347119,False,2.2.21-pre-580
Martin Cook,2017-10-20T16:08:08.523Z,43209,182,This package contains a SqlServer EntityFramework provider for the CG.Linq package.,CG.Linq.SqlServer,True,1900-01-01T00:00:00+00:00,False,False,,"SQLServer,Entity,EntityFramework,Context,Unit,Of,Work,CodeGator",-1,False,0.2017.16-alpha
"Daniel Luberda,Fabien Molinet",2017-10-20T16:07:49.4Z,22,182,"Xamarin Library to load images quickly and easily.

Features:

- Xamarin.iOS, Xamarin.Android, Xamarin.Forms, Xamarin.Mac and Windows (WinRT, UWP) support
- Configurable disk and memory caching
- Multiple image views using the same image source (url, path, resource) will use only one bitmap which is cached in memory (less memory usage)
- Deduplication of similar download/load requests. *(If 100 similar requests arrive at same time then one real loading will be performed while 99 others will wait).*
- Error and loading placeholders support
- Images can be automatically downsampled to specified size (less memory usage)
- Fluent API which is inspired by Picasso naming
- SVG / WebP / GIF support
- Image loading Fade-In animations support
- Can retry image downloads (RetryCount, RetryDelay)
- Android bitmap optimization. Saves 50% of memory by trying not to use transparency channel when possible.
- Transformations support
- BlurredTransformation
- CircleTransformation, RoundedTransformation, CornersTransformation, CropTransformation
- ColorSpaceTransformation, GrayscaleTransformation, SepiaTransformation, TintTransformation
- FlipTransformation, RotateTransformation
- Supports custom transformations (native platform `ITransformation` implementations)",Xamarin.FFImageLoading,True,2018-03-29T13:47:42.8+00:00,True,False,Xamarin library to load images quickly and easily on Xamarin.iOS / Xamarin.Android / Xamarin.Mac / Windows,"xamarin,android,ios,mac,windows,image,cache,caching,memory,bitmap,lru,load,loading,save,effects,photo",629971,False,2.2.21-pre-580
"Daniel Luberda,Fabien Molinet",2017-10-20T16:08:00.743Z,22,182,"Xamarin Library to load images quickly and easily on Xamarin.Forms.

Ensure you call CachedImageRenderer.Init() on each platform!!!

Features:

- Xamarin.iOS, Xamarin.Android, Xamarin.Forms, Xamarin.Mac and Windows (WinRT, UWP) support
- Configurable disk and memory caching
- Multiple image views using the same image source (url, path, resource) will use only one bitmap which is cached in memory (less memory usage)
- Deduplication of similar download/load requests. *(If 100 similar requests arrive at same time then one real loading will be performed while 99 others will wait).*
- Error and loading placeholders support
- Images can be automatically downsampled to specified size (less memory usage)
- Fluent API which is inspired by Picasso naming
- SVG / WebP / GIF support
- Image loading Fade-In animations support
- Can retry image downloads (RetryCount, RetryDelay)
- Android bitmap optimization. Saves 50% of memory by trying not to use transparency channel when possible.
- Transformations support
- BlurredTransformation
- CircleTransformation, RoundedTransformation, CornersTransformation, CropTransformation
- ColorSpaceTransformation, GrayscaleTransformation, SepiaTransformation, TintTransformation
- FlipTransformation, RotateTransformation
- Supports custom transformations (native platform `ITransformation` implementations)",Xamarin.FFImageLoading.Forms,True,2018-03-29T13:47:57.66+00:00,True,False,Xamarin Forms plugin to load images quickly and easily.,"xamarin,forms,xamarin.forms,mac,windows,android,ios,bitmap,image,cache,webp,quick,easy,lru,load,loading,save",496549,False,2.2.21-pre-580
Daniel Luberda,2017-10-18T23:33:32.67Z,22,184,Xamarin.Forms SVG support for FFImageLoading library.,Xamarin.FFImageLoading.Svg.Forms,True,2018-03-29T13:48:21.427+00:00,False,False,Xamarin.Forms SVG support for FFImageLoading.,"xamarin,android,ios,windows,mac,bitmap,image,svg",73312,False,2.2.21-pre-576
Daniel Luberda,2017-10-18T23:33:21.093Z,22,184,SVG support for FFImageLoading library.,Xamarin.FFImageLoading.Svg,True,2018-03-29T13:48:10.38+00:00,False,False,Xamarin SVG support for FFImageLoading.,"xamarin,android,ios,bitmap,image,svg",87881,False,2.2.21-pre-576
"Daniel Luberda,Fabien Molinet",2017-10-18T23:33:08.83Z,22,184,"Xamarin Library to load images quickly and easily on Xamarin.Forms.

Ensure you call CachedImageRenderer.Init() on each platform!!!

Features:

- Xamarin.iOS, Xamarin.Android, Xamarin.Forms, Xamarin.Mac and Windows (WinRT, UWP) support
- Configurable disk and memory caching
- Multiple image views using the same image source (url, path, resource) will use only one bitmap which is cached in memory (less memory usage)
- Deduplication of similar download/load requests. *(If 100 similar requests arrive at same time then one real loading will be performed while 99 others will wait).*
- Error and loading placeholders support
- Images can be automatically downsampled to specified size (less memory usage)
- Fluent API which is inspired by Picasso naming
- SVG / WebP / GIF support
- Image loading Fade-In animations support
- Can retry image downloads (RetryCount, RetryDelay)
- Android bitmap optimization. Saves 50% of memory by trying not to use transparency channel when possible.
- Transformations support
- BlurredTransformation
- CircleTransformation, RoundedTransformation, CornersTransformation, CropTransformation
- ColorSpaceTransformation, GrayscaleTransformation, SepiaTransformation, TintTransformation
- FlipTransformation, RotateTransformation
- Supports custom transformations (native platform `ITransformation` implementations)",Xamarin.FFImageLoading.Forms,True,2018-03-29T13:47:57.66+00:00,False,False,Xamarin Forms plugin to load images quickly and easily.,"xamarin,forms,xamarin.forms,mac,windows,android,ios,bitmap,image,cache,webp,quick,easy,lru,load,loading,save",496549,False,2.2.21-pre-576
Martin Cook,2017-10-12T23:41:58.413Z,43209,190,This package contains a SqlLite EntityFramework provider for the CG.Domain package.,CG.Linq.SqlLite,True,1900-01-01T00:00:00+00:00,False,False,,"SQLLite,Entity,EntityFramework,Context,Unit,Of,Work,CodeGator",-1,False,0.2017.19-alpha
"Daniel Luberda,Molinet Fabien",2017-10-18T23:33:44.437Z,22,184,"Transformations for FFImageLoading library.

- BlurredTransformation
- CircleTransformation, RoundedTransformation, CornersTransformation, CropTransformation
- ColorSpaceTransformation, GrayscaleTransformation, SepiaTransformation, TintTransformation
- FlipTransformation, RotateTransformation
- Supports custom transformations (native platform `ITransformation` implementations)

These transformations can be consumed from FFImageLoading and FFImageLoading.Forms (Xamarin Forms).
Don't forget to add the package in all platform specific projects. This way the correct native implementation is injected.",Xamarin.FFImageLoading.Transformations,True,2018-03-29T13:48:34.49+00:00,False,False,Xamarin image transformations for FFImageLoading.,"xamarin,android,ios,mac,windows,bitmap,image,webp,transformation,blur,round,circle,effects,corners",347830,False,2.2.21-pre-576
"Daniel Luberda,Fabien Molinet",2017-10-18T23:32:56.343Z,22,184,"Xamarin Library to load images quickly and easily.

Features:

- Xamarin.iOS, Xamarin.Android, Xamarin.Forms, Xamarin.Mac and Windows (WinRT, UWP) support
- Configurable disk and memory caching
- Multiple image views using the same image source (url, path, resource) will use only one bitmap which is cached in memory (less memory usage)
- Deduplication of similar download/load requests. *(If 100 similar requests arrive at same time then one real loading will be performed while 99 others will wait).*
- Error and loading placeholders support
- Images can be automatically downsampled to specified size (less memory usage)
- Fluent API which is inspired by Picasso naming
- SVG / WebP / GIF support
- Image loading Fade-In animations support
- Can retry image downloads (RetryCount, RetryDelay)
- Android bitmap optimization. Saves 50% of memory by trying not to use transparency channel when possible.
- Transformations support
- BlurredTransformation
- CircleTransformation, RoundedTransformation, CornersTransformation, CropTransformation
- ColorSpaceTransformation, GrayscaleTransformation, SepiaTransformation, TintTransformation
- FlipTransformation, RotateTransformation
- Supports custom transformations (native platform `ITransformation` implementations)",Xamarin.FFImageLoading,True,2018-03-29T13:47:42.8+00:00,False,False,Xamarin library to load images quickly and easily on Xamarin.iOS / Xamarin.Android / Xamarin.Mac / Windows,"xamarin,android,ios,mac,windows,image,cache,caching,memory,bitmap,lru,load,loading,save,effects,photo",631174,False,2.2.21-pre-576
buildguest,2017-10-20T16:04:52.003Z,1,182,Description,TouchConvert.Public.Api.V1.ClientModule,False,2018-04-19T21:35:06.22+00:00,True,False,,,4625,False,0.16.3.62
Martin Cook,2017-10-20T16:05:31.767Z,43209,182,This package contains a SqlLite EntityFramework provider for the CG.Domain package.,CG.Linq.SqlLite,True,1900-01-01T00:00:00+00:00,False,False,,"SQLLite,Entity,EntityFramework,Context,Unit,Of,Work,CodeGator",-1,False,0.2017.20-alpha
buildguest,2017-10-20T16:05:03.19Z,1,182,Description,TouchConvert.Public.Api.V2.ClientModule,False,2018-04-19T21:35:09.847+00:00,True,False,,,3034,False,0.16.3.62
Martin Cook,2017-10-12T23:39:13.203Z,43209,190,This package contains a MongoDB provider for the CG.Linq package.,CG.Linq.Mongo,True,1900-01-01T00:00:00+00:00,False,False,,"MongoDB,Entity,Context,Unit,Of,Work,CodeGator",-1,False,0.2017.28-alpha
Martin Cook,2017-10-20T16:02:53.727Z,43209,182,This package contains a MongoDB provider for the CG.Linq package.,CG.Linq.Mongo,True,1900-01-01T00:00:00+00:00,False,False,,"MongoDB,Entity,Context,Unit,Of,Work,CodeGator",-1,False,0.2017.29-alpha
buildguest,2017-10-20T16:01:19.217Z,1,182,Description,TouchConvert.Public.Api.V1.ClientModule,True,2018-04-19T21:35:06.22+00:00,True,False,,,4625,False,0.16.2.54-prerelease
buildguest,2017-10-20T16:01:34.607Z,1,182,Description,TouchConvert.Public.Api.V2.ClientModule,True,2018-04-19T21:35:09.847+00:00,True,False,,,2993,False,0.16.2.54-prerelease
Niclas Olofsson,2017-10-20T16:02:01.607Z,77,182,MiNET - a Minecraft PocketEdition Server,MiNET,False,2018-02-02T22:13:57.123+00:00,True,False,,"MiNET,Plugin,API,MCPE,Minecraft,PocketEdition",143965,False,1.0.1637
North Pole Engineering,2017-10-20T15:59:29.663Z,126,182,WASP to ANT+ Class Library,WaspClassLibrary,False,2017-12-15T20:34:46.473+00:00,True,False,This package supports the North Pole Engineering WASP WiFi/ANT bridge product.,"WASP,NPE",7676,False,1.49.6502.17959
Administrator,2017-10-20T15:57:42.03Z,182,182,LessJie.angular-file-upload,LessJie.angular-file-upload,False,2017-10-20T15:57:42.03+00:00,True,False,,,66,False,1.1.5
Microsoft,2017-10-20T15:55:16.147Z,179,182,Provides an input implementation for capturing diagnostics data sourced through System.Diagnostics.Tracing.EventSource infrastructure.,Microsoft.Diagnostics.EventFlow.Inputs.EventSource,False,2017-10-23T16:47:50.503+00:00,True,False,,"Microsoft,Diagnostics,EventFlow,Inputs,EventSource",67201,True,1.1.4
Microsoft,2017-10-20T15:55:16.147Z,179,182,Provides an input implementation for capturing diagnostics data sourced through System.Diagnostics.Tracing.EventSource infrastructure.,Microsoft.Diagnostics.EventFlow.Inputs.EventSource,False,2017-10-23T16:47:50.503+00:00,True,False,,"Microsoft,Diagnostics,EventFlow,Inputs,EventSource",67363,True,1.1.4
Fabricio dos Santos Silva,2017-10-20T15:54:19.853Z,1,182,Uilitarios para aplicações asp.net core,UtilityFramework.Application.Core,False,2018-04-19T19:38:55.29+00:00,True,False,,,4884,False,1.5.1
Bercut.Mpm.Api,2017-10-20T15:48:52.3Z,182,182,Bercut Mobile Payment Module .NET Client,Bercut.Mpm.Api,False,2017-10-20T15:48:52.3+00:00,True,False,,".NET,Core,Bercut",87,False,1.0.0
Daniele Corsini,2017-10-20T15:48:29.723Z,81,182,Api Client for ProxmoxVE.,EnterpriseVE.ProxmoxVE.Api,False,2018-01-29T20:42:11+00:00,True,False,,"ProxmoxVE,Api,Client,Rest,EnterpriseVE",1082,False,1.0.12
buildguest,2017-10-20T15:51:18.99Z,182,182,Description,int-Soft.MVC.Scripts,True,2017-10-20T17:09:52.163+00:00,True,False,,,4363,False,1.0.0-ci-20171020-155039
buildguest,2017-10-20T15:50:54.993Z,182,182,Description,int-Soft.DAL,True,2017-10-20T17:09:22.57+00:00,True,False,,,4880,False,1.0.0-ci-20171020-155034
Administrator,2017-10-20T15:52:04.91Z,182,182,LessJie.angular-ocLazyLoad,LessJie.angular-ocLazyLoad,False,2017-10-20T15:52:04.91+00:00,True,False,,,104,False,0.5.2
buildguest,2017-10-20T15:51:30.96Z,182,182,Description,int-Soft.NetCore,True,2017-10-20T17:10:04.523+00:00,True,False,,,538,False,1.0.0-ci-20171020-155037
buildguest,2017-10-20T15:51:07.053Z,182,182,Description,int-Soft.MVC.Core,True,2017-10-20T17:09:37.697+00:00,True,False,,,4882,False,1.0.0-ci-20171020-155042
scottcowan markfcain,2017-10-20T15:49:25.14Z,171,182,Returns Ofsted inspection Types,Esfa.Ofsted.Inspection.Types,False,2017-10-31T14:45:19.96+00:00,True,False,Ofsted Inspection Types,"Ofsted,Inspection",945,False,0.0.29
scottcowan,2017-10-20T15:49:13.61Z,171,182,Returns Ofsted inspection information,Esfa.Ofsted.Inspection.Client,False,2017-10-31T14:45:08.93+00:00,True,False,Ofsted Inspection Client,"Ofsted,Inspection",947,False,0.0.29
Daniele Corsini,2017-10-20T15:48:29.723Z,81,182,Api Client for ProxmoxVE.,EnterpriseVE.ProxmoxVE.Api,False,2018-01-29T20:42:11+00:00,True,False,,"ProxmoxVE,Api,Client,Rest,EnterpriseVE",1082,False,1.0.12
Bercut.Mpm.Api,2017-10-20T15:48:52.3Z,182,182,Package Description,Bercut.Mpm.Api,False,2017-10-20T15:48:52.3+00:00,True,False,,,87,False,1.0.0
Administrator,2017-10-20T15:45:53.657Z,182,182,LessJie.jquery.spin,LessJie.jquery.spin,False,2017-10-20T15:45:53.657+00:00,True,False,,,64,False,1.0.0
takenet,2017-10-20T15:41:34.893Z,1,182,BLiP C# client,Take.Blip.Client,True,2018-04-19T18:01:08.167+00:00,True,False,,,13224,False,0.5.30-beta
takenet,2017-10-20T15:41:48.393Z,1,182,BLiP C# client console,Take.Blip.Client.Console,True,2018-04-19T18:01:11.027+00:00,True,False,,,12774,False,0.5.30-beta
take,2017-10-20T15:42:02.923Z,1,182,Templates for BLiP projets.,Take.Blip.Client.Templates,True,2018-04-19T18:01:14.137+00:00,True,False,.NET Core bot templates,"blip,bot,chatbots",12332,False,0.5.30-beta
takenet,2017-10-20T15:42:17.533Z,1,182,A testing host for applications using BLiP SDK to ease integration testing. This host fakes the server incoming and outgoing message transport so you can control the delivery of messages to your chatbot and inspect which messages are produced by it.,Take.Blip.Client.TestKit,True,2018-04-19T18:01:17.107+00:00,True,False,,"blip,messagingHub",10704,False,0.5.30-beta
Take.Blip.Client.Web,2017-10-20T15:42:30.47Z,1,182,Package Description,Take.Blip.Client.Web,True,2018-04-19T18:01:20.167+00:00,True,False,,,10136,False,0.5.30-beta
SmarterWeb,2017-10-20T15:35:04.927Z,182,182,Compilado XSLT Cadena Original CFDI 3.2,cadenaoriginal33.dll,True,2017-10-20T15:34:13.01+00:00,True,False,,"cfdi,factura,electronica,complemento,ine,cfdi3.3,nomina",1558,False,1.0.6-rc
"takenet,andrebires",2017-10-20T15:34:54.413Z,14,182,C# LIME web socket transport library,Lime.Transport.WebSocket,True,2018-04-06T14:54:54.913+00:00,True,False,,lime,51719,False,0.7.194-alpha
"takenet,andrebires",2017-10-20T15:34:43.587Z,14,182,C# LIME tcp transport library,Lime.Transport.Tcp,True,2018-04-06T14:54:41.287+00:00,True,False,,lime,71220,False,0.7.194-alpha
"takenet,andrebires",2017-10-20T15:34:32.867Z,14,182,C# LIME transport redis library,Lime.Transport.Redis,True,2018-04-06T14:54:28.1+00:00,True,False,,lime,13259,False,0.7.194-alpha
SmarterWeb,2017-10-20T15:34:13.01Z,182,182,Compilado XSLT Cadena Original CFDI 3.2,cadenaoriginal33.dll,False,2017-10-20T15:34:13.01+00:00,True,False,,"cfdi,factura,electronica,complemento,ine,cfdi3.3,nomina",1557,False,1.0.6
"takenet,andrebires",2017-10-20T15:33:59.607Z,14,182,Common content types and resource for LIME messaging applications.,Lime.Messaging,True,2018-04-06T14:54:02.897+00:00,True,False,,lime,76495,False,0.7.194-alpha
Joel Martinez,2017-10-20T15:33:34.14Z,2,182,.NET API Documentation toolchain,mdoc,False,2018-04-18T16:04:32.81+00:00,True,False,,"mdoc,documentation,ecmaxml,dotnet,.net,C#,F#,VB.NET",1897,False,5.1.0
"takenet,andrebires",2017-10-20T15:34:11.197Z,14,182,C# LIME protocol stack implementation.,Lime.Protocol,True,2018-04-06T14:54:15.49+00:00,True,False,,lime,91449,False,0.7.194-alpha
"takenet,andrebires",2017-10-20T15:34:22.57Z,72,182,C# LIME protocol serialization library,Lime.Protocol.Serialization,True,2018-02-07T12:42:46.343+00:00,True,False,,lime,14956,False,0.7.194-alpha
Scott Durow,2017-10-20T15:29:47.33Z,161,182,Simple and Lightweight Unit Testing of Dynamics 365 Plugins/Workflows using Microsoft Fakes,spkl.fakes,False,2017-11-10T17:14:01.39+00:00,True,False,,,665,False,1.0.1
Administrator,2017-10-20T15:30:09.97Z,182,182,LessJie.raphael,LessJie.raphael,False,2017-10-20T15:30:09.97+00:00,True,False,,,67,False,2.2.0
Oleg Zudov,2017-10-20T14:34:37.597Z,168,182,Async Firefox Driver connects directly to Marionette and is async from this connection. No need in geckodriver.exe. AsyncFirefoxDriver implements IAsyncWebBrowserClient interfaces and can be used as AsyncWebDriver.,AsyncFirefoxDriver,False,2017-11-03T09:08:01.79+00:00,False,False,Async Firefox Driver connects directly to Marionette and is async from this connection. No need in geckodriver.exe. AsyncFirefoxDriver implements IAsyncWebBrowserClient interfaces and can be used as AsyncWebDriver.,"AsyncFirefoxDriver,Firefox,WebDriver",3341,False,1.3.7
Oleg Zudov,2017-10-20T15:22:17.83Z,168,182,Async Firefox Driver connects directly to Marionette and is async from this connection. No need in geckodriver.exe. AsyncFirefoxDriver implements IAsyncWebBrowserClient interfaces and can be used as AsyncWebDriver.,AsyncFirefoxDriver,False,2017-11-03T09:08:01.79+00:00,True,False,Async Firefox Driver connects directly to Marionette and is async from this connection. No need in geckodriver.exe. AsyncFirefoxDriver implements IAsyncWebBrowserClient interfaces and can be used as AsyncWebDriver.,"AsyncFirefoxDriver,Firefox,WebDriver",3341,False,1.3.8
Nate McMaster,2017-10-13T09:13:18.19Z,9,189,"Command-line parsing API. A community-maintained fork of Microsoft.Extensions.CommandLineUtils, plus extras.
Commonly used types:

McMaster.Extensions.CommandLineUtils.CommandLineApplication
McMaster.Extensions.CommandLineUtils.CommandOption
McMaster.Extensions.CommandLineUtils.IConsole
McMaster.Extensions.CommandLineUtils.ArgumentEscaper",McMaster.Extensions.CommandLineUtils,False,2018-04-11T15:06:19.683+00:00,True,False,,"commandline,parsing",20079,False,2.0.1
buildguest,2017-10-20T15:28:04.34Z,182,182,Description,int-Soft.NetCore,True,2017-10-20T17:10:04.523+00:00,True,False,,,538,False,1.0.0-ci-20171020-152709
buildguest,2017-10-20T15:27:52.187Z,182,182,Description,int-Soft.MVC.Scripts,True,2017-10-20T17:09:52.163+00:00,True,False,,,4363,False,1.0.0-ci-20171020-152711
buildguest,2017-10-20T15:27:40.03Z,182,182,Description,int-Soft.MVC.Core,True,2017-10-20T17:09:37.697+00:00,True,False,,,4882,False,1.0.0-ci-20171020-152714
"oozcitak,Devedse",2017-10-20T15:25:51.993Z,180,182,Exif modification library. Written by oozcitak and converted to DotNet Core by Devedse.,ExifLibrary,False,2017-10-22T21:02:28.27+00:00,True,False,,"exif,jpeg,image",840,False,1.0.12
buildguest,2017-10-20T15:27:29.017Z,182,182,Description,int-Soft.DAL,True,2017-10-20T17:09:22.57+00:00,True,False,,,4880,False,1.0.0-ci-20171020-152706
Oleg Zudov,2017-10-20T14:34:37.597Z,168,182,Async Firefox Driver connects directly to Marionette and is async from this connection. No need in geckodriver.exe. AsyncFirefoxDriver implements IAsyncWebBrowserClient interfaces and can be used as AsyncWebDriver.,AsyncFirefoxDriver,False,2017-11-03T09:08:01.79+00:00,False,False,Async Firefox Driver connects directly to Marionette and is async from this connection. No need in geckodriver.exe. AsyncFirefoxDriver implements IAsyncWebBrowserClient interfaces and can be used as AsyncWebDriver.,"AsyncFirefoxDriver,Firefox,WebDriver",3341,False,1.3.7
buildguest,2017-10-20T15:23:30.777Z,182,182,Description,int-Soft.MVC.Scripts,True,2017-10-20T17:09:52.163+00:00,True,False,,,4363,False,1.0.0-ci-20171020-152248
buildguest,2017-10-20T15:23:03.48Z,182,182,Description,int-Soft.DAL,True,2017-10-20T17:09:22.57+00:00,True,False,,,4880,False,1.0.0-ci-20171020-152243
buildguest,2017-10-20T15:23:15.51Z,182,182,Description,int-Soft.MVC.Core,True,2017-10-20T17:09:37.697+00:00,True,False,,,4882,False,1.0.0-ci-20171020-152251
LXKing,2017-10-20T15:22:37.86Z,182,182,LessJie.angular.daterangepicker,LessJie.angular.daterangepicker,False,2017-10-20T15:22:37.86+00:00,True,False,,,73,False,1.0.3
Momentum,2017-10-20T15:24:37.207Z,4,182,Client for Momentum PM Portal-API,Momentum.Pm.PortalApi,False,2018-04-16T03:00:50.57+00:00,True,False,,"Momentum,PM,Fastighetssystem",687587,False,5.11.46
Oleg Zudov,2017-10-20T15:22:17.83Z,168,182,Async Firefox Driver connects directly to Marionette and is async from this connection. No need in geckodriver.exe. AsyncFirefoxDriver implements IAsyncWebBrowserClient interfaces and can be used as AsyncWebDriver.,AsyncFirefoxDriver,False,2017-11-03T09:08:01.79+00:00,True,False,,"AsyncFirefoxDriver,Firefox,WebDriver",3341,False,1.3.8
buildguest,2017-10-20T15:23:41.523Z,182,182,Description,int-Soft.NetCore,True,2017-10-20T17:10:04.523+00:00,True,False,,,538,False,1.0.0-ci-20171020-152245
Momentum,2017-10-20T15:24:20.583Z,4,182,Client for Momentum PM API,Momentum.Pm.Api,False,2018-04-16T03:00:31.727+00:00,True,False,,"Momentum,PM,Fastighetssystem",593830,False,5.11.46
buildguest,2017-10-20T15:21:00.947Z,182,182,Description,int-Soft.MVC.Scripts,True,2017-10-20T17:09:52.163+00:00,True,False,,,4363,False,1.0.0-ci-20171020-152020
buildguest,2017-10-20T15:20:35.98Z,182,182,Description,int-Soft.DAL,True,2017-10-20T17:09:22.57+00:00,True,False,,,4880,False,1.0.0-ci-20171020-152015
Tobit.Software AG,2017-10-20T15:20:33.137Z,70,182,This package helps do access the chayns®BackendApi.,Chayns.Backend.Api,False,2018-02-09T08:09:28.83+00:00,True,False,,,676,False,1.0.8
buildguest,2017-10-20T15:21:13.54Z,182,182,Description,int-Soft.NetCore,True,2017-10-20T17:10:04.523+00:00,True,False,,,538,False,1.0.0-ci-20171020-152017
buildguest,2017-10-20T15:20:47.747Z,182,182,Description,int-Soft.MVC.Core,True,2017-10-20T17:09:37.697+00:00,True,False,,,4882,False,1.0.0-ci-20171020-152023
scottcowan markfcain,2017-10-20T15:16:33.71Z,171,182,Returns Ofsted inspection Types,Esfa.Ofsted.Inspection.Types,False,2017-10-31T14:45:19.96+00:00,True,False,Ofsted Inspection Types,"Ofsted,Inspection",945,False,0.0.28
Momentum,2017-10-20T15:16:30.29Z,4,182,Client for Momentum PM Portal-API,Momentum.Pm.PortalApi,True,2018-04-16T03:00:50.57+00:00,True,False,,"Momentum,PM,Fastighetssystem",687587,False,5.12.75-beta
scottcowan,2017-10-20T15:16:21.68Z,171,182,Returns Ofsted inspection information,Esfa.Ofsted.Inspection.Client,False,2017-10-31T14:45:08.93+00:00,True,False,Ofsted Inspection Client,"Ofsted,Inspection",947,False,0.0.28
Momentum,2017-10-20T15:16:15.01Z,4,182,Client for Momentum PM API,Momentum.Pm.Api,True,2018-04-16T03:00:31.727+00:00,True,False,,"Momentum,PM,Fastighetssystem",593830,False,5.12.75-beta
Administrator,2017-10-20T15:14:07.43Z,182,182,LessJie.morris,LessJie.morris,False,2017-10-20T15:14:07.43+00:00,True,False,,,73,False,0.5.0
NBitcoin.Indexer,2017-10-20T15:14:20.65Z,170,182,Library for querying data indexed by NBitcoin.Indexer on Azure Storage,NBitcoin.Indexer,False,2017-11-01T23:31:30.627+00:00,True,False,,bitcoin,31663,False,3.0.0.3
Objectivity Bespoke Software Specialists,2017-10-20T15:12:49.613Z,119,182,"Set of abstract tools for testing user-bot interaction. Allows to ""record"" a story and test it with your custom player implementation.",Objectivity.Bot.Tests.Stories,False,2017-12-22T14:53:09.75+00:00,True,False,,"C#,bot.framework",1005,False,0.0.4
scottcowan markfcain,2017-10-20T15:11:29.403Z,171,182,Returns Ofsted inspection Types,Esfa.Ofsted.Inspection.Types,False,2017-10-31T14:45:19.96+00:00,True,False,Ofsted Inspection Types,"Ofsted,Inspection",945,False,0.0.27
scottcowan,2017-10-20T15:11:18.797Z,171,182,Returns Ofsted inspection information,Esfa.Ofsted.Inspection.Client,False,2017-10-31T14:45:08.93+00:00,True,False,Ofsted Inspection Client,"Ofsted,Inspection",947,False,0.0.27
Magicodes.WeChat.Application,2017-10-20T15:10:43.817Z,11,182,Magicodes.Admin框架微信插件应用服务库，包含应用服务、Event等等,Magicodes.WeChat.Application,False,2018-04-09T07:36:46.62+00:00,True,False,,,1117,False,1.2.9
LXKing,2017-10-20T15:09:14.2Z,182,182,LessJie.bootstrap.hover.dropdown,LessJie.bootstrap.hover.dropdown,False,2017-10-20T15:09:14.2+00:00,True,False,,,83,False,2.2.1
Martin Cook,2017-10-12T23:35:55.007Z,43209,190,This package contains an in-memory EntityFramework provider for the CG.Linq package.,CG.Linq.InMemory,True,1900-01-01T00:00:00+00:00,False,False,,"In,Memory,Entity,EntityFramework,Context,Unit,Of,Work,CodeGator",-1,False,0.2017.19-alpha
LXKing,2017-10-20T14:49:38.573Z,43209,182,LessJie.bootstrap.hover.dropdown.min,LessJie.bootstrap.hover.dropdown.min,False,1900-01-01T00:00:00+00:00,False,False,,,-1,False,2.2.1
jvertestpackage,2016-10-17T16:17:30.93Z,43209,550,edit 2017-10-20,jvertestpackage,False,1900-01-01T00:00:00+00:00,False,False,,,-1,False,1.0.1
Martin Cook,2017-10-20T15:07:25.073Z,43209,182,This package contains an in-memory EntityFramework provider for the CG.Linq package.,CG.Linq.InMemory,True,1900-01-01T00:00:00+00:00,False,False,,"In,Memory,Entity,EntityFramework,Context,Unit,Of,Work,CodeGator",-1,False,0.2017.20-alpha
"oozcitak,Devedse",2017-10-20T15:05:12.7Z,180,182,Exif modification library. Written by oozcitak and converted to DotNet Core by Devedse.,ExifLibrary,False,2017-10-22T21:02:28.27+00:00,True,False,,"exif,jpeg,image",840,False,1.0.11
"oozcitak,Devedse",2017-10-20T15:03:39.12Z,180,182,Exif modification library. Written by oozcitak and converted to DotNet Core by Devedse.,ExifLibrary,False,2017-10-22T21:02:28.27+00:00,True,False,,"exif,jpeg,image",841,False,1.0.10
LXKing,2017-10-20T15:03:27.887Z,182,182,LessJie.bootstrap.daterangepicker,LessJie.bootstrap.daterangepicker,False,2017-10-20T15:03:27.887+00:00,True,False,,,96,False,2.1.2
Think Ministry,2017-10-20T14:56:01.5Z,45,182,RESTAPIWrapper provides an easy to use wrapper for the MinsitryPlatform REST API.  This wrapper handles OAuth for client credentials and provides simple access to the REST API.,ThinkMinistry.RESTAPIWrapper,False,2018-03-06T18:47:02.59+00:00,False,False,,"MinistryPlatform,ThinkMinistry",9294,False,2.10.20.19623
"validnext,EasySMPP",2017-10-20T14:57:28.097Z,179,182,Package Description,SMPPClient,False,2017-10-23T13:36:45.92+00:00,True,False,,,658,False,1.0.3
Martin Cook,2017-10-12T23:31:01.897Z,43209,190,This package contains Entity Framework extensions for the CG.Linq package.,CG.Linq.EntityFramework,True,1900-01-01T00:00:00+00:00,False,False,,"Entity,EntityFramework,Context,Unit,Of,Work,CodeGator",6758,False,0.2017.35-alpha
Abhay Naik,2017-10-20T14:58:45.24Z,166,182,Project implements common code for web. To be referenced only in web projects.,Axelius.Framework.Web,False,2017-11-05T22:22:35.843+00:00,True,False,,,2435,False,2.0.35
M.Rybnikov,2017-10-20T14:59:35.42Z,29,182,"Minimum set of binaries of the PostgreSQL database.
            The one in this file contains postgresql-10.0-1-windows-x64.zip without doc, include, pgAdmin 4, StackBuilder and symbols.
            Additionally package includes PostgreSQL 10 plv8 64-bit - PL/V8 1.4.10 from http://www.postgresonline.com/downloads/pg10plv8jsbin_w64.zip.
            So, this package can be consumed from the unit tests.
            Sample commands to setup a database cluster would be:
                - extract
                - cd {extractfolder}\pgsql\bin
                - initdb -D ..\data
                - pg_ctl -D ..\data -o ""-p {port}"" start
                - perform tests
                - pg_ctl -D ..\data stop
            By default, this will start a database (postgres) and allow postgres user accessing it locally with any password (auth_method = trust).",PostgreSql.Binaries.Lite.Plv8,False,2018-03-22T08:52:55.83+00:00,True,False,A minimum package of PostgreSQL binaries including PLV8 suitable to run in the embedded scenario (tests).,"postgresql,x64",18102,False,10.0.1
Martin Cook,2017-10-20T15:00:11.337Z,43209,182,This package contains Entity Framework extensions for the CG.Linq package.,CG.Linq.EntityFramework,True,1900-01-01T00:00:00+00:00,False,False,,"Entity,EntityFramework,Context,Unit,Of,Work,CodeGator",6758,False,0.2017.36-alpha
Abhay Naik,2017-10-20T14:58:31.71Z,133,182,Framework Providers project which implements framework. To be referenced only in host/test projects.,Axelius.Framework.Providers,False,2017-12-08T12:44:46.387+00:00,True,False,,"Vedaantees,Axelius.Framework.Providers",2995,False,2.0.35
Paul den Dulk,2017-10-20T14:58:46.35Z,57,182,Mapsui - Library for mapping,Mapsui,False,2018-02-22T08:00:44.697+00:00,True,False,,"map,maps,mapping,geo,gis,osm",22308,False,1.1.2
Benjamin Torinesi,2017-10-20T15:00:00.713Z,136,182,Package Description,Beinj.Exchange.WebServices.OccurrenceData,True,2017-12-05T13:48:31.113+00:00,True,False,,,541,False,1.0.0-beta3
Abhay Naik,2017-10-20T14:58:20.12Z,133,182,Framework project to be used in other projects.,Axelius.Framework,False,2017-12-08T12:44:26.34+00:00,True,False,,"Vedaantees,Axelius.Framework",3218,False,2.0.35
M.Rybnikov,2017-10-20T15:00:42.037Z,29,182,"Minimum set of binaries of the PostgreSQL database.
            The one in this file contains postgresql-10.0-1-windows-x64.zip without doc, include, pgAdmin 4, StackBuilder and symbols.
            So, this package can be consumed from the unit tests.
            Sample commands to setup a database cluster would be:
                - extract
                - cd {extractfolder}\pgsql\bin
                - initdb -D ..\data
                - pg_ctl -D ..\data -o ""-p {port}"" start
                - perform tests
                - pg_ctl -D ..\data stop
            By default, this will start a database (postgres) and allow postgres user accessing it locally with any password (auth_method = trust).",PostgreSql.Binaries.Lite,False,2018-03-22T08:52:06.89+00:00,True,False,A minimum package of PostgreSQL binaries suitable to run in the embedded scenario (tests).,"postgresql,x64",10443,False,10.0.1
Martin Cook,2017-10-12T22:41:02.03Z,43209,190,This package contains file-system extenions to the System.IO namespace.,CG.IO.FileSystem,True,1900-01-01T00:00:00+00:00,False,False,,"IO,Archive,FileSystem,CG.IO.FileSystem,CodeGator",2808,False,0.2017.22-alpha
Think Ministry,2017-10-20T14:56:01.5Z,45,182,RESTAPIWrapper provides an easy to use wrapper for the MinsitryPlatform REST API.  This wrapper handles OAuth for client credentials and provides simple access to the REST API.,ThinkMinistry.RESTAPIWrapper,False,2018-03-06T18:47:02.59+00:00,False,False,,"MinistryPlatform,ThinkMinistry",9294,False,2.10.20.19623
takenet,2017-10-20T14:55:12.333Z,1,182,A testing host for applications using BLiP SDK to ease integration testing. This host fakes the server incoming and outgoing message transport so you can control the delivery of messages to your chatbot and inspect which messages are produced by it.,Take.Blip.Client.TestKit,True,2018-04-19T18:01:17.107+00:00,True,False,,"blip,messagingHub",10704,False,0.5.29-beta
Martin Cook,2017-10-20T14:56:59.927Z,43209,182,This package contains file-system extenions to the System.IO namespace.,CG.IO.FileSystem,True,1900-01-01T00:00:00+00:00,False,False,,"IO,Archive,FileSystem,CG.IO.FileSystem,CodeGator",2808,False,0.2017.23-alpha
Unosquare,2017-10-20T14:55:21.02Z,121,182,A cool little wrapper for SQLite based on Dapper.,LiteLib,False,2017-12-20T15:39:16.26+00:00,True,False,,"orm,sqlite,dapper",6651,False,0.14.3
takenet,2017-10-20T14:54:47.15Z,1,182,BLiP C# client console,Take.Blip.Client.Console,True,2018-04-19T18:01:11.027+00:00,True,False,,,12774,False,0.5.29-beta
Take.Blip.Client.Web,2017-10-20T14:55:26.207Z,1,182,Package Description,Take.Blip.Client.Web,True,2018-04-19T18:01:20.167+00:00,True,False,,,10136,False,0.5.29-beta
Venyo,2017-10-20T14:56:06.733Z,97,182,JsonRpc.AspNetCore is plugin of JsonRpc.Net for asp.net core.,jsonrpc.aspnetcore,True,2018-01-13T10:21:44.173+00:00,True,False,,"jsonrpc,asp.net",117,False,0.1.0-alpha
take,2017-10-20T14:54:58.68Z,1,182,Templates for BLiP projets.,Take.Blip.Client.Templates,True,2018-04-19T18:01:14.137+00:00,True,False,.NET Core bot templates,"blip,bot,chatbots",12218,False,0.5.29-beta
"Tadpole Cartesia,Inc.",2017-10-20T14:55:56.513Z,23,182,Build automation for MIMS,TCT.Build.Cake,False,2018-03-28T23:37:32.473+00:00,True,False,,"mims,build",1024,False,0.1.0.47
"Tadpole Cartesia,Inc.",2017-10-20T14:56:12.217Z,23,182,AddIn automation for MIMS,TCT.Build.AddIns,False,2018-03-28T23:37:50.02+00:00,True,False,,"mims,build,addins",912,False,0.1.0.47
takenet,2017-10-20T14:54:34.433Z,1,182,BLiP C# client,Take.Blip.Client,True,2018-04-19T18:01:08.167+00:00,True,False,,,13224,False,0.5.29-beta
Think Ministry,2017-10-20T14:56:01.5Z,45,182,RESTAPIWrapper provides an easy to use wrapper for the MinsitryPlatform REST API.  This wrapper handles OAuth for client credentials and provides simple access to the REST API.,ThinkMinistry.RESTAPIWrapper,False,2018-03-06T18:47:02.59+00:00,False,False,,"MinistryPlatform,ThinkMinistry",9294,False,2.10.20.19623
"validnext,EasySMPP",2017-10-20T14:57:28.097Z,179,182,Package Description,SMPPClient,False,2017-10-23T13:36:45.92+00:00,True,False,,,658,False,1.0.3
Martin Cook,2017-10-18T00:57:40.727Z,47,184,This package contains reactive extensions for the CG.Event pacakage.,CG.Event.Reactive,True,2018-03-04T01:28:54.71+00:00,False,False,,"reactive,event,aggregator,CG.Event.Reactive,CodeGator",999,False,0.2017.38-rc
Martin Cook,2017-10-20T14:51:49.507Z,47,182,This package contains reactive extensions for the CG.Event pacakage.,CG.Event.Reactive,True,2018-03-04T01:28:54.71+00:00,True,False,,"reactive,event,aggregator,CG.Event.Reactive,CodeGator",999,False,0.2017.39-rc
Microsoft,2017-10-20T14:49:47.23Z,182,182,Fixed package for Interopt.CERTENROLLLib with lib folder,Interop.CERTENROLLLib.Unofficial,False,2017-10-20T14:49:47.23+00:00,True,False,,,235,False,1.0.0
LXKing,2017-10-20T14:49:38.573Z,43209,182,LessJie.bootstrap.hover.dropdown.min,LessJie.bootstrap.hover.dropdown.min,False,1900-01-01T00:00:00+00:00,False,False,,,-1,False,2.2.1
buildguest,2017-10-20T14:48:02.59Z,39,182,Description,TouchConvert.Tenant.Api.V1.Dtos,False,2018-03-12T21:26:11.207+00:00,True,False,,,9863,False,0.16.8.224
buildguest,2017-10-20T14:48:15.073Z,39,182,Description,TouchConvert.Tenant.Api.V2.Dtos,False,2018-03-12T21:26:24.427+00:00,True,False,,,9880,False,0.16.8.224
buildguest,2017-10-20T14:48:27.883Z,1,182,Description,TouchConvert.Tenant.Service.Client,False,2018-04-19T21:15:43.8+00:00,True,False,,,10275,False,0.16.8.224
Martin Cook,2017-10-20T14:42:06.607Z,43209,182,This package contains a DAPPER based SQL repository for the CG.Configuration package.,CG.Configuration.Dapper,True,1900-01-01T00:00:00+00:00,False,False,,"configuration,dapper,sql,repository,CG.Configuration.Dapper,CG.Configuration,CodeGator",-1,False,0.2017.10-alpha
buildguest,2017-10-20T14:44:56.717Z,1,182,Description,TouchConvert.Tenant.Service.Client,True,2018-04-19T21:15:43.8+00:00,True,False,,,10275,False,0.16.6.222-prerelease
Abhay Naik,2017-10-20T14:44:22.003Z,166,182,Project implements common code for web. To be referenced only in web projects.,Axelius.Framework.Web,False,2017-11-05T22:22:35.843+00:00,True,False,,,2435,False,2.0.34
Abhay Naik,2017-10-20T14:44:11.13Z,133,182,Framework Providers project which implements framework. To be referenced only in host/test projects.,Axelius.Framework.Providers,False,2017-12-08T12:44:46.387+00:00,True,False,,"Vedaantees,Axelius.Framework.Providers",2995,False,2.0.34
buildguest,2017-10-20T14:44:45.56Z,39,182,Description,TouchConvert.Tenant.Api.V2.Dtos,True,2018-03-12T21:26:24.427+00:00,True,False,,,9880,False,0.16.6.222-prerelease
NBitcoin.Indexer,2017-10-20T14:45:25.54Z,170,182,Library for querying data indexed by NBitcoin.Indexer on Azure Storage,NBitcoin.Indexer,False,2017-11-01T23:31:30.627+00:00,True,False,,bitcoin,31663,False,3.0.0.2
buildguest,2017-10-20T14:44:34.407Z,39,182,Description,TouchConvert.Tenant.Api.V1.Dtos,True,2018-03-12T21:26:11.207+00:00,True,False,,,9863,False,0.16.6.222-prerelease
Adam O'Neil,2017-10-20T14:29:29.003Z,19,182,"Helpers, extensions, and base classes for ASP.NET MVC5 apps and Postulate.Orm",Postulate.Mvc,False,2018-04-01T13:54:19.853+00:00,False,False,,"aspnet,mvc",1249,False,1.0.1
Martin Cook,2017-10-17T20:12:50.313Z,43209,185,This package contains an entity framework data model for the CG.Configuration package.,CG.Configuration.DataModel,True,1900-01-01T00:00:00+00:00,False,False,,"configuration,data,model,CG.Configuration.DataModel,CG.Configuration,CodeGator",-1,False,0.2017.11-alpha
Martin Cook,2017-10-17T19:26:59.587Z,43209,185,This package contains a DAPPER based SQL repository for the CG.Configuration package.,CG.Configuration.Dapper,True,1900-01-01T00:00:00+00:00,False,False,,"configuration,dapper,sql,repository,CG.Configuration.Dapper,CG.Configuration,CodeGator",-1,False,0.2017.9-alpha
Martin Cook,2017-10-20T14:42:06.607Z,43209,182,This package contains a DAPPER based SQL repository for the CG.Configuration package.,CG.Configuration.Dapper,True,1900-01-01T00:00:00+00:00,False,False,,"configuration,dapper,sql,repository,CG.Configuration.Dapper,CG.Configuration,CodeGator",-1,False,0.2017.10-alpha
Martin Cook,2017-10-20T14:44:01.24Z,43209,182,This package contains an entity framework data model for the CG.Configuration package.,CG.Configuration.DataModel,True,1900-01-01T00:00:00+00:00,False,False,,"configuration,data,model,CG.Configuration.DataModel,CG.Configuration,CodeGator",-1,False,0.2017.12-alpha
Adam O'Neil,2017-10-20T14:41:29.02Z,19,182,"Helpers, extensions, and base classes for ASP.NET MVC5 apps and Postulate.Orm",Postulate.Mvc,False,2018-04-01T13:54:19.853+00:00,True,False,,"aspnet,mvc",1249,False,1.0.2
Abhay Naik,2017-10-20T14:43:59.79Z,133,182,Framework project to be used in other projects.,Axelius.Framework,False,2017-12-08T12:44:26.34+00:00,True,False,,"Vedaantees,Axelius.Framework",3218,False,2.0.34
Venyo,2017-10-20T14:40:53.15Z,43209,182,JsonRpc.Net is a. NET implementation of the jsonrpc2.0 protocol.,JsonRpcNet,True,1900-01-01T00:00:00+00:00,False,False,,jsonrpc,-1,False,0.1.0-alpha
FlightClub.BaseAPIClient,2017-10-20T14:39:46.803Z,43209,182,Base API Client,FlightClub.BaseAPIClient,False,1900-01-01T00:00:00+00:00,False,False,,,6035,False,1.0.29
FlightClub.BaseAPIClient,2017-10-20T14:39:46.803Z,43209,182,Base API Client,FlightClub.BaseAPIClient,False,1900-01-01T00:00:00+00:00,False,False,,,6030,False,1.0.29
Martin Cook,2017-10-12T20:11:40.753Z,43209,190,This package contains a configuration adapter for the CG.Builder library.,CG.Builder.Configuration,True,1900-01-01T00:00:00+00:00,False,False,,"builder,configuration,CG.Builder.Configuration,CodeGator",-1,False,0.2017.5-alpha
Oleg Zudov,2017-10-20T14:34:37.597Z,168,182,Async Firefox Driver connects directly to Marionette and is async from this connection. No need in geckodriver.exe. AsyncFirefoxDriver implements IAsyncWebBrowserClient interfaces and can be used as AsyncWebDriver.,AsyncFirefoxDriver,False,2017-11-03T09:08:01.79+00:00,True,False,Async Firefox Driver connects directly to Marionette and is async from this connection. No need in geckodriver.exe. AsyncFirefoxDriver implements IAsyncWebBrowserClient interfaces and can be used as AsyncWebDriver.,"AsyncFirefoxDriver,Firefox,WebDriver",3341,False,1.3.7
LXKing,2017-10-20T14:36:00.003Z,182,182,LessJie.jquery.timeago,LessJie.jquery.timeago,False,2017-10-20T14:36:00.003+00:00,True,False,,,66,False,1.5.3
Ian Klek,2017-10-20T14:35:16.713Z,23,182,Helpers and post/response models for the WAGR web api.,WAGR.Api.Models,True,2018-03-28T13:45:36.68+00:00,True,False,,,4136,False,1.0.17-beta
Liwen Guo,2017-10-20T14:36:55.367Z,182,182,"Bluehands.Versioning provides automatic assembly versioning for .NET projects.

After installing the package, create a Version.txt file with three version number segments (e.g. 1.0.0) in the project or solution folder.

See https://github.com/bluehands/Versioning#readme for more information.",Bluehands.Versioning,False,2017-10-20T14:36:55.367+00:00,True,False,,"bluehands,version,versioning",342,False,1.2.0
Oleg Zudov,2017-10-20T14:34:37.597Z,168,182,Async Firefox Driver connects directly to Marionette and is async from this connection. No need in geckodriver.exe. AsyncFirefoxDriver implements IAsyncWebBrowserClient interfaces and can be used as AsyncWebDriver.,AsyncFirefoxDriver,False,2017-11-03T09:08:01.79+00:00,True,False,Async Firefox Driver connects directly to Marionette and is async from this connection. No need in geckodriver.exe. AsyncFirefoxDriver implements IAsyncWebBrowserClient interfaces and can be used as AsyncWebDriver.,"AsyncFirefoxDriver,Firefox,WebDriver",3341,False,1.3.7
Martin Cook,2017-10-20T14:33:40.843Z,43209,182,This package contains a configuration adapter for the CG.Builder library.,CG.Builder.Configuration,True,1900-01-01T00:00:00+00:00,False,False,,"builder,configuration,CG.Builder.Configuration,CodeGator",-1,False,0.2017.6-alpha
Adam O'Neil,2017-10-05T20:30:25.44Z,19,197,"Helpers, extensions, and base classes for ASP.NET MVC5 apps and Postulate.Orm",Postulate.Mvc,False,2018-04-01T13:54:19.853+00:00,False,False,"Helpers, extensions, and base classes for ASP.NET MVC5 apps and Postulate.Orm","aspnet,mvc",1249,False,1.0.0
DotNet.Basics,2017-10-20T14:32:10.64Z,43209,182,Package Description,DotNet.Basics,True,1900-01-01T00:00:00+00:00,False,False,,,20433,False,9.0.0-rc.4+a5e1790
Unosquare,2017-10-20T14:31:23.48Z,121,182,A cool little wrapper for SQLite based on Dapper.,LiteLib,False,2017-12-20T15:39:16.26+00:00,True,False,,"orm,sqlite,dapper",6651,False,0.14.2
Venyo,2017-10-20T14:32:16.827Z,43209,182,Simple Generic Socket for .Net Standard,Socket.Net,True,1900-01-01T00:00:00+00:00,False,False,,Socket,-1,False,0.2.0-alpha
Adam O'Neil,2017-10-20T14:29:29.003Z,19,182,"Helpers, extensions, and base classes for ASP.NET MVC5 apps and Postulate.Orm",Postulate.Mvc,False,2018-04-01T13:54:19.853+00:00,True,False,,"aspnet,mvc",1249,False,1.0.1
BDO Canada IT Solutions,2017-10-20T14:24:38.893Z,179,182,Advance Framework Practice by BDO Canada LLP IT Solution practice,AdvanceFramework1,False,2017-10-23T19:02:16.693+00:00,True,False,,".NET,Business,Application,Development",1478,False,20171020.1.0
BDO Canada IT Solutions,2017-10-20T14:24:38.893Z,179,182,Advance Framework Practice by BDO Canada LLP IT Solution practice,AdvanceFramework1,False,2017-10-23T19:02:16.693+00:00,True,False,,".NET,Business,Application,Development",1478,False,20171020.1.0
Andrej Cimperšek,2017-10-16T08:40:10.627Z,154,186,Core data access library for a Breeze Server working with NHibernateX,PointlessArhitecture.Breeze.ContextProvider.NH,False,2017-11-17T08:49:52.35+00:00,False,False,Breeze Server - ContextProvider for NHibernateX.  This package is usually used in conjunction with the Breeze.WebApi2 package.,"PointlessArhitecture,javascript,WebApi,Breeze,SPA",2588,False,1.6.5.43
Fukusima.Contracts,2017-10-20T14:18:27.637Z,43209,182,Fukusima Contracts,Fukusima.Contracts,False,1900-01-01T00:00:00+00:00,False,False,,,-1,False,1.0.0
Momentum,2017-10-20T14:20:51.417Z,4,182,Client for Momentum PM API,Momentum.Pm.Api,False,2018-04-16T03:00:31.727+00:00,True,False,,"Momentum,PM,Fastighetssystem",593830,False,5.11.45
Momentum,2017-10-20T14:19:50.07Z,4,182,Client for Momentum PM Portal-API,Momentum.Pm.PortalApi,True,2018-04-16T03:00:50.57+00:00,True,False,,"Momentum,PM,Fastighetssystem",687587,False,5.12.74-beta
NBitcoin.Indexer,2017-10-20T14:20:31.217Z,170,182,Library for querying data indexed by NBitcoin.Indexer on Azure Storage,NBitcoin.Indexer,False,2017-11-01T23:31:30.627+00:00,True,False,,bitcoin,31663,False,3.0.0.1
Momentum,2017-10-20T14:21:07.083Z,4,182,Client for Momentum PM Portal-API,Momentum.Pm.PortalApi,False,2018-04-16T03:00:50.57+00:00,True,False,,"Momentum,PM,Fastighetssystem",687587,False,5.11.45
Fukusima.Contracts,2017-10-20T14:18:27.637Z,43209,182,Package Description,Fukusima.Contracts,False,1900-01-01T00:00:00+00:00,False,False,,,-1,False,1.0.0
Momentum,2017-10-20T14:19:32.967Z,4,182,Client for Momentum PM API,Momentum.Pm.Api,True,2018-04-16T03:00:31.727+00:00,True,False,,"Momentum,PM,Fastighetssystem",593830,False,5.12.74-beta
Austin Drenski,2017-10-20T14:19:33.543Z,43209,182,C# library of database definitions. Internal use only.,ApiLibrary,False,1900-01-01T00:00:00+00:00,False,False,,,-1,False,1.3.6
bluedoctor,2017-10-20T14:17:36.9Z,39,182,"PDF.NET (PWMIS Develope Framework for .net) Message Service Framework Server Host,Build Message Service Runtime    Host.",PDF.Net.MSF.Service.Host,False,2018-03-12T02:10:44.023+00:00,True,False,PDF.NET MSF(Message Service Framework) Server Host,"WCF,Message",1242,False,1.0.5
bluedoctor,2017-10-20T14:17:01.487Z,122,182,PDF.NET (PWMIS Develope Framework for .net)  Message Service Framework Server Runtime.,PDF.Net.MSF.Service,False,2017-12-19T05:53:21.967+00:00,True,False,PDF.NET MSF(Message Service Framework) Server RunTime,"WCF,Message",636,False,1.0.5
Fukusima.Contracts,2017-10-20T14:18:27.637Z,43209,182,Package Description,Fukusima.Contracts,False,1900-01-01T00:00:00+00:00,False,False,,,-1,False,1.0.0
bluedoctor,2017-10-20T14:16:17.59Z,122,182,PDF.NET (PWMIS Develope Framework for .net) to Build Message Service for Server Group,PDF.Net.MSF.Server.Group,False,2017-12-19T05:54:00.453+00:00,True,False,PDF.NET MSF(Message Service Framework) Server Group RunTime,"WCF,Message",571,False,1.0.5
Andrej Cimperšek,2017-10-20T14:18:20.357Z,154,182,Core data access library for a Breeze Server working with NHibernateX,PointlessArhitecture.Breeze.ContextProvider.NH,False,2017-11-17T08:49:52.35+00:00,True,False,Breeze Server - ContextProvider for NHibernateX.  This package is usually used in conjunction with the Breeze.WebApi2 package.,"PointlessArhitecture,javascript,WebApi,Breeze,SPA",2588,False,1.6.5.44
Lykke.Service.EmailFormatter,2017-10-20T14:15:23.15Z,176,182,Package Description,Lykke.Service.EmailFormatter,False,2017-10-26T09:13:39.12+00:00,True,False,,,915,False,1.0.17
Momentum,2017-10-20T14:13:57.813Z,4,182,Client for Momentum PM API,Momentum.Pm.Api,True,2018-04-16T03:00:31.727+00:00,True,False,,"Momentum,PM,Fastighetssystem",593830,False,5.12.73-beta
Prolucid,2017-10-20T14:13:21.9Z,182,182,Client API for tensorfow-serving,FsTfServing,True,2017-10-20T14:13:21.9+00:00,True,False,,"tensorflow,serving,fsharp",56,False,0.0.1-beta
bluedoctor,2017-10-20T14:15:40.99Z,115,182,PDF.NET (PWMIS Develope Framework for .net)  MSF(Message Service Framework) Client Lib,PDF.Net.MSF.Client,False,2017-12-26T08:24:37.593+00:00,True,False,PDF.NET MSF(Message Service Framework) Client Lib,"WCF,Message",758,False,1.0.5
Momentum,2017-10-20T14:14:14.403Z,4,182,Client for Momentum PM Portal-API,Momentum.Pm.PortalApi,True,2018-04-16T03:00:50.57+00:00,True,False,,"Momentum,PM,Fastighetssystem",687587,False,5.12.73-beta
bgTeam.Web,2017-10-20T13:21:36.647Z,4,182,Package Description,bgTeam.Web,False,2018-04-16T11:27:53.133+00:00,True,False,,,1231,False,1.0.0
